6703903964971298549787012499102923063739682910296196688861780721860882015036773488400937149083451713845015929093243025426876941405973284973216824503042159
6560887644746196686672501266821856917876390153878849602303289040316705462065125500522039948691377603767170254339281403954596376594195373048613206570209086 4027631152348617684494045706316871972762653109842796356024713721234649116985894723125154632464759325112487795679809154938718270519630145954105109390557184
651339789439953841715402315539519117898953500750241965029108907946261428482183893785775868393111695809675290346254779422974025126749814356715019980248149 3894587499426140166566446662364610423124663537073229639712641889587152861011234374864935354458971794241976282453231270385645381036223819792798690433826816
2862907859459535543313477733511261125409413623237214364786413269056051349539602860390116283474796933921180001661302972516835414899990687171282302863861169 3649381231704968231040801031272273688157584167224633255633468046691353581176388363337853147947652773673035460291081296287780325146486559527642743101718528
2782943470159739115872759202809835766595811636955208257024367204173939842110826488875791196434301052119479991081849690617101749322544436899171750308288828 4123443759739399645526856342127971787085658876519478620974048926861237558288198262010328628560265248425455119525282303903965082858705634189322708997636096
5495837151096628247653856055641062975748018280119140088747809698423523965466308583860432098099927116397651565812131268868391352369090302125838773480493130 4535231726255894927488093136070660866852799361802286331507547990189405970537726232526905058980560749757870302263997386980855052203845235533773192441102336
5780297146291147954203306044891088061165793043708142349455227457192544304595031769844311402499043003597311377718970170258105986057584269426930963689202282 1035445836421956257591983080475404021158836156479010985047923321246126374917995461170024750112105147446946361895923930276004700679316700855518599099449344
400774601079861637526969701181395128040029256560042847835331259873190235629039140915104633820759392959506101958169951819576270747709193012489841273288032 4550104850813832777287621668503606547293756835603479185464941870664095827759174354597484580204834019175109421822074178474493340034908682430890213185159168
1051279222487927598027425633259755555301481665905249031963182838940174489406318887872409783509341845754955240470731161683112294745542143547762105683341709 6317134814386076605746273064889399836838390183586887880854638463988867557129630159974686690053227614260712224128273365951903678775336750571171589467930624
3595861221263510421845988365290248655102221124441670447587102538177386943081023854405023834975927328543579846332655387826751489373992973378054063249314134 4555392322566613277656499000801759719551909017390561944012865808056721419924258483780801614057892643657610284956098587086594029453921397921814669416202240
2950932875561433583635010265521244700289236369439117394038961965113651326205722423832882694325689479654512555793231965789886648047959408657630065904962569 1333414210250149794834390862808352669233071392689772449352329504913085080439191118096356641579397209170615422368964098408505201471457941623736701441540096
2709730189236278090237367970561306035027681290713495794092150495265138967999110017912178081193369375545208759430858047932543087369541037369525344456552000 3932323420668255503410828069153350762536526605320830082862150240774405447616852896704074263294842705760778193904165874384482404638489305494337668134207488
3003226971677560951843055217131057039004203992883249210650019926325523805645920575553431469999888843820464719885046361470501328780661660046060895336683156 3088028390217529481255804944812081759195456567593328358628633112486155957162273546019108793833092080569869540157781836190984444234873073827780074468802560
3061844656551778853798787915973439091609874415380073638863533863446988030761424020412961529191893201651765570872823187587693665111481089235557279695236927 5779827599328092934883602282129971890112124745801096794944735747353445475945181616913023902502638794601108561522076886549369963149048192087211359812452352
2606979886110324236948489342972014955439513447823452588810641892277001810818534580312865833219979165126157592968651036200649061983073671501537471654775028 2524007840946582604782025412917685662380191033583344558036368762118352573836034267128509018961436650670606652146466090506681004468747989127712310718103552
704010017220139475945683331149531803086830095927162260576103486194662406971800894051526035922180524864606819825732015022879739755478065082687789023160598 6213565052846765331096506140507317035839678945537600531383054898427019260134169790699157653359948322101782118127286644484941195871557184777825593386336256
1256718077340881298818413858664978812451285449870518429617501183760553270876707222420223084403518383567383976943660887660225502064919922695527030114402655 4588241145672771791083654459281859549663831078808670839159461361308891247166411727836700778659341132729688494556405896236936573526398963892884578519482368
829313486361066585162247927712330055560738680436895785807853094409781071499434809763715202040763018916316425720150701024863132026208951203063745271953316 3773053962857196160221380573945992667453692518177632157909167357797831883102425305698872723897677933435790931368977449474574791054573241967105533368336384
180311563453683313982728148723990823740307165988660417267092897856663179474584226467604125673438607922708824714456395434244925009997514987114489882748041 6116354515529031942636510015621125537368876886492539393024965934306861218678421674900114113770419206361907524722663070709038621794904596370938838466428928
5227859505237557801278533113510737933307353067599627358605376353021884795580760301937616976012695680949717292515820178856447088430488559454485512228061240 2078084522164651114517721610485049198665390197894494381942402977632732825440922661035729981114072077199006317857265440034658236960358827922717024813318144
4494489086791327484391064142926949459953492205888101612815772381238458165035517192848988511656509991053187470201000778247741325172367359913737080015539320 5161630921214286865931172823324802785407528024927856218875641921838088888011248766141297827745506707377630588535401407973546376777661901501346013981442048
6227587467432095636200710082442934434938343128709817925455979728824571643087789217133994158251832557225446049121926694613968437498761093468577540036415607 3422787436020873277659141486584625005476224407604944177892605339694869414783188994882341319822335338085337916878615251589206083252380485641054389872361472
5049799656921099544119855381434145186764389298823518086606745832601589902758008530623334444344941833589055257027554881730393016868967999754318024867039520 5990963886149565122931001179991851378654715081981631957124948829125501074684512215518342333371878206967422800884570807457664790865801601588071996715958272
2709830350520556675128453067974754352264830201557277336465869297882358958011534416676930373382503468651221087383533161268233595335555362879125344114525902 3288841398365665786542669381533430177737375710280440922192902950557390630305389917245378288168210124854611555834998055142268371857263398650755229115482112
5592408503627287801020590601856974389714043922481502687790025967851882816245087169259991186613678883449532736964674297794126823540395268509261168035985108 2981496428794123176842612047407623983379425660066699966350496862902942541645849815819596774731294242685060622030339659291864421082141218574279436069240832
3541623983821513446691097552579697961176330423139724971216470522795419753351977218363747902081772144695907293121882739727797702098036923442843619845158889 1857323447517757678182060854940105207358894128836383140608129994672177858078767290256393829686233490196730369690353865511049537771869577537897152416579584
1711182578222962795438921512797224931060277199743629039248625175142439055653964184483385831434800576175999895817366477309732153760541931076213526732561420 1087028255018725444872203202410008224684995085515387819580361951830250160072090087851084258461315822105812355135864313012430574266950812630714950701023232
2254535237130597989312550443325037550371025784379870470706016872417132697405601492107514555939150151325519708761899142416151978536383281381904075960981879 6395428605957282262615482570470512572896817622290674300801313201040012759785720608966932345141195649520406561612063537946388442437616668049610231487922176
4738081851638735504263210722974303114194334616872497920771983282257155670211774385307324573225470576862689711641828851553246186289993759237209373824897714 1336253872138399270954758413994666572893391512444219464046297514446314024243290586760453041612452203646150297808892245266494226701020891980828215951228928
1750291901061571730187566850753409393270224648195112817708041736547173155801399063500593735132110169741988010849954270577786813600290015288718757830438216 4793287224953989573571821866789125161784910121429923944115105129490252306775622866267847579803261865097561919408326056669899507645329558675272243817218048
1290147915102342917433776658622822700694111654627949525120333021301726055693243791141333272587503539776304323868876931878470309080917343846336702048570549 5363218405911363909678215865116388859198969278421056374298335377446410119394906269782616481396925087800180127650851368644783575397993485754577984474316800
2489252017632697946426680714601330888937199322414970026306421712179811177972078333863360748052271673160416043938984776204284249071376972411100668486768951 5703120598008072859918590447338558172624950354593273729497742233788402529088333797720075234217393612671465713597072855003764545759840014282948404374929408
5514296304431677728857230533691918618417945846746737560367944093017391562361280174803059609828075056559263866519285703221000817719023460460219345087518754 2396178123477815774920802247436532623450709640404437216378669835704746354816606942300188518363105717782786864775744752321124051369908280182570637357744128
6418460617037184620821224749237939554184572946100944931403956125171829381845787008938908619867592881277089926915788231937160879874924172150461969790434471 1746211678447600611415435143518420573740665942394160730261679949841386266525503407959870716226383073346188356461184428594887232096628784176024677083250688
1981336504767657498980947898807936408156233863645883839725654904894354572877563890348725400502794329662251004088631872241383305891439390115720590721048119 6203800424734158402778243428485545333294524051331924703513806685872934993171618717714303833629309366811226319295575941899251411360026802335481919971524608
1916750596044891659412228539914796236026473529414344749592457907657597290329055165142876026195690130977182893336631556343517358760867704324880148154065051 3413579959639472583317380431592242715942613265141331873750778352034786566322694975451714256633211062226715889788566243709482596646723482415964542616993792
6598135939954051332133241414875487880033153000163119733945477679675182187391813459576678300375661188231681218714117961388767081806663777164471419882953127 1299862447609283162251283567633383989760325284794176353243399937921228920092334866993182238308710529735399546936930709716940088832022290392978466279522304
5413242751661616255114370932687952851862009092489001832176693639663382733648846705821603648487414699913638118304184966904055083965960839177781382561910085 4871145282082104986666377071183504060242089594367807651722300157698183760138065917669895437535287772382048775459113569947608868955302167175025762527870976
2787907511553016807283290401127391968275026008927754065997371521890133429259391562452827287528355306553542217722828568702427529744685595177920549740328682 781487402174531838915391360036222819463896041790577049659405404198916601751255431333422620290821067224666772265222161783140211270174989521039735492968448
2793856811483779800016005055613700961932831972884008249339738545533372298693778865950362380195808008418969468067297318853681234602458066344307172529953187 4749140438745339885815180088277718973839816604430471790233081876972094101824645599684393738730007375109644576713976961891294982991661414880636416976486400
5369306845838854414546836176684609713701365349863083764026849832156555717863985935489033018900759400402388607916343002719985816148189027905291378739314615 759267195869860973251547039491025215517973997195581121998738280325440002726797509093758683734675020663125804923580947774050014093078950175063357972807680
937075925469023265086041216923914719555863395594283812024639617467815532300605853398569779840876073576916651784109425489381788441549529556811930580245459 1690278593620515249875052992798351829233046928387333468373978706276650867011427075560436076682582097510446852550979860159825364073003554531441433869549568
4614350874050490161797205169342943826911012767383889107721294642843367470817601195913708042493468887119258296387191648809217026621512772263663827499073264 84605899997962100817886431167745349417816418789734001327262121835545908619418413741638662534591308730118596577552489176350977975601273976635386941669376
3620221540548808620717623875391457911037592490946140005004087797584823006251808998842196656293362586756754049343207741767913225606285129863818502818380354 179230114663161146325724626319943620695749662301758892405618662471132320316714284606426006385057450128210316952503063706546371870890525998653648989585408
477621475489289647802493564999202784056843503297040597893464040112618001338663590464573083253277985619224903303666730073411660847730235517177466396883354 3024150331630603613215364460646399175885492506025217342062513461665079461417545759383255277989865183776656919499731142214916228881018019205294017495433216
3083749132896465331874226677528367702825537551565756952454922129777734192689488655270291193181773551772900035902296140908622080936404800614143582087291077 2223869667107427131111017225611744725340429800168278369799135472888101687129669081701315873881897986956550468934040059023013674709182582483330950137643008
2516364093342408893795997987250387482037589625988705820656968118173990681292969056067588182436048402607450316445058405914093595005546076718287491417122570 138611983441431856600764849096427356443570267908377675431710882826085102179223099721906497639390817398400827978307262543679666358541383290388617136963584
6551294564796307708703877630869274082630873640124409531357893582886563118731708679670420498328554425595646051643143884211485412752044591668574809981885204 4114721874466749154092678925966281054364073234245555995759709231925381396027049395941676899105778601806438974674196161945839606081113519936300540485435392
3491599613415785274301982564200849228222632535367264585285205930372437426718827999195841921550777385900473316190989831226521095947627320330890496326202607 6315267237681095714341825718491467764475475001993832989858550425915242557362996451651746577287988189379441771146210777803976345710230543392351957289009152
