--------------- Student Name ---------------------
Generator matrix: 
[1 1 0 1 2 0 2]
[0 1 0 1 1 1 2]
[1 2 2 1 0 0 1]
dec radius: 3
Syndrome table:
{(0, 0, 0, 0): (0, 0, 0, 0, 0, 0, 0), (1, 0, 0, 0): (1, 0, 0, 0, 0, 0, 0), (2, 0, 0, 0): (2, 0, 0, 0, 0, 0, 0), (0, 1, 0, 0): (0, 1, 0, 0, 0, 0, 0), (0, 2, 0, 0): (0, 2, 0, 0, 0, 0, 0), (0, 0, 1, 0): (0, 0, 1, 0, 0, 0, 0), (0, 0, 2, 0): (0, 0, 2, 0, 0, 0, 0), (0, 0, 0, 1): (0, 0, 0, 1, 0, 0, 0), (0, 0, 0, 2): (0, 0, 0, 2, 0, 0, 0), (2, 0, 2, 2): (0, 0, 0, 0, 1, 0, 0), (1, 0, 1, 1): (0, 0, 0, 0, 2, 0, 0), (0, 0, 2, 2): (0, 0, 0, 0, 0, 1, 0), (0, 0, 1, 1): (0, 0, 0, 0, 0, 2, 0), (2, 1, 1, 2): (0, 0, 0, 0, 0, 0, 1), (1, 2, 2, 1): (0, 0, 0, 0, 0, 0, 2), (1, 1, 0, 0): (1, 1, 0, 0, 0, 0, 0), (1, 2, 0, 0): (1, 2, 0, 0, 0, 0, 0), (2, 1, 0, 0): (2, 1, 0, 0, 0, 0, 0), (2, 2, 0, 0): (2, 2, 0, 0, 0, 0, 0), (1, 0, 1, 0): (1, 0, 1, 0, 0, 0, 0), (1, 0, 2, 0): (1, 0, 2, 0, 0, 0, 0), (2, 0, 1, 0): (2, 0, 1, 0, 0, 0, 0), (2, 0, 2, 0): (2, 0, 2, 0, 0, 0, 0), (1, 0, 0, 1): (1, 0, 0, 1, 0, 0, 0), (1, 0, 0, 2): (1, 0, 0, 2, 0, 0, 0), (2, 0, 0, 1): (2, 0, 0, 1, 0, 0, 0), (2, 0, 0, 2): (2, 0, 0, 2, 0, 0, 0), (2, 0, 1, 1): (1, 0, 0, 0, 2, 0, 0), (1, 0, 2, 2): (2, 0, 0, 0, 1, 0, 0), (0, 1, 1, 2): (1, 0, 0, 0, 0, 0, 1), (2, 2, 2, 1): (1, 0, 0, 0, 0, 0, 2), (1, 1, 1, 2): (2, 0, 0, 0, 0, 0, 1), (0, 2, 2, 1): (2, 0, 0, 0, 0, 0, 2), (0, 1, 1, 0): (0, 1, 1, 0, 0, 0, 0), (0, 1, 2, 0): (0, 1, 2, 0, 0, 0, 0), (0, 2, 1, 0): (0, 2, 1, 0, 0, 0, 0), (0, 2, 2, 0): (0, 2, 2, 0, 0, 0, 0), (0, 1, 0, 1): (0, 1, 0, 1, 0, 0, 0), (0, 1, 0, 2): (0, 1, 0, 2, 0, 0, 0), (0, 2, 0, 1): (0, 2, 0, 1, 0, 0, 0), (0, 2, 0, 2): (0, 2, 0, 2, 0, 0, 0), (2, 1, 2, 2): (0, 1, 0, 0, 1, 0, 0), (1, 1, 1, 1): (0, 1, 0, 0, 2, 0, 0), (2, 2, 2, 2): (0, 2, 0, 0, 1, 0, 0), (1, 2, 1, 1): (0, 2, 0, 0, 2, 0, 0), (0, 1, 2, 2): (0, 1, 0, 0, 0, 1, 0), (0, 1, 1, 1): (0, 1, 0, 0, 0, 2, 0), (0, 2, 2, 2): (0, 2, 0, 0, 0, 1, 0), (0, 2, 1, 1): (0, 2, 0, 0, 0, 2, 0), (2, 2, 1, 2): (0, 1, 0, 0, 0, 0, 1), (1, 0, 2, 1): (0, 1, 0, 0, 0, 0, 2), (2, 0, 1, 2): (0, 2, 0, 0, 0, 0, 1), (1, 1, 2, 1): (0, 2, 0, 0, 0, 0, 2), (0, 0, 1, 2): (0, 0, 1, 2, 0, 0, 0), (0, 0, 2, 1): (0, 0, 2, 1, 0, 0, 0), (1, 2, 0, 1): (0, 0, 1, 0, 0, 0, 2), (2, 1, 0, 2): (0, 0, 2, 0, 0, 0, 1), (1, 0, 1, 2): (0, 0, 0, 1, 2, 0, 0), (2, 0, 2, 1): (0, 0, 0, 2, 1, 0, 0), (2, 1, 1, 0): (0, 0, 0, 1, 0, 0, 1), (1, 2, 2, 2): (0, 0, 0, 1, 0, 0, 2), (2, 1, 1, 1): (0, 0, 0, 2, 0, 0, 1), (1, 2, 2, 0): (0, 0, 0, 2, 0, 0, 2), (1, 1, 0, 1): (0, 0, 0, 0, 1, 0, 1), (2, 2, 0, 2): (0, 0, 0, 0, 2, 0, 2), (2, 1, 0, 1): (0, 0, 0, 0, 0, 1, 1), (1, 2, 1, 0): (0, 0, 0, 0, 0, 1, 2), (2, 1, 2, 0): (0, 0, 0, 0, 0, 2, 1), (1, 2, 0, 2): (0, 0, 0, 0, 0, 2, 2), (1, 1, 1, 0): (1, 1, 1, 0, 0, 0, 0), (1, 1, 2, 0): (1, 1, 2, 0, 0, 0, 0), (2, 2, 1, 0): (2, 2, 1, 0, 0, 0, 0), (2, 2, 2, 0): (2, 2, 2, 0, 0, 0, 0), (1, 1, 0, 2): (1, 1, 0, 2, 0, 0, 0), (2, 2, 0, 1): (2, 2, 0, 1, 0, 0, 0), (2, 2, 1, 1): (1, 2, 0, 0, 2, 0, 0), (1, 1, 2, 2): (2, 1, 0, 0, 1, 0, 0), (0, 2, 1, 2): (1, 1, 0, 0, 0, 0, 1), (2, 1, 2, 1): (1, 2, 0, 0, 0, 0, 2), (1, 2, 1, 2): (2, 1, 0, 0, 0, 0, 1), (0, 1, 2, 1): (2, 2, 0, 0, 0, 0, 2)}
message: [2, 1, 1]
codeword: (0, 2, 2, 1, 2, 1, 1)
error: (0, 2, 0, 0, 0, 0, 0)
received word: (0, 1, 2, 1, 2, 1, 1)
syndrome: (0, 2, 0, 0)
Syndrome found!(0, 2, 0, 0) (0, 2, 0, 0, 0, 0, 0)
------------------------------------

--------------- Student Name ---------------------
Generator matrix: 
[0 2 1 0 2 2 0]
[2 2 0 0 1 2 2]
[1 0 2 1 0 1 0]
dec radius: 3
Syndrome table:
{(0, 0, 0, 0): (0, 0, 0, 0, 0, 0, 0), (1, 0, 0, 0): (1, 0, 0, 0, 0, 0, 0), (2, 0, 0, 0): (2, 0, 0, 0, 0, 0, 0), (0, 1, 0, 0): (0, 1, 0, 0, 0, 0, 0), (0, 2, 0, 0): (0, 2, 0, 0, 0, 0, 0), (0, 0, 1, 0): (0, 0, 1, 0, 0, 0, 0), (0, 0, 2, 0): (0, 0, 2, 0, 0, 0, 0), (0, 0, 0, 1): (0, 0, 0, 1, 0, 0, 0), (0, 0, 0, 2): (0, 0, 0, 2, 0, 0, 0), (1, 2, 0, 1): (0, 0, 0, 0, 1, 0, 0), (2, 1, 0, 2): (0, 0, 0, 0, 2, 0, 0), (2, 0, 1, 2): (0, 0, 0, 0, 0, 1, 0), (1, 0, 2, 1): (0, 0, 0, 0, 0, 2, 0), (1, 1, 2, 2): (0, 0, 0, 0, 0, 0, 1), (2, 2, 1, 1): (0, 0, 0, 0, 0, 0, 2), (1, 1, 0, 0): (1, 1, 0, 0, 0, 0, 0), (1, 2, 0, 0): (1, 2, 0, 0, 0, 0, 0), (2, 1, 0, 0): (2, 1, 0, 0, 0, 0, 0), (2, 2, 0, 0): (2, 2, 0, 0, 0, 0, 0), (1, 0, 1, 0): (1, 0, 1, 0, 0, 0, 0), (1, 0, 2, 0): (1, 0, 2, 0, 0, 0, 0), (2, 0, 1, 0): (2, 0, 1, 0, 0, 0, 0), (2, 0, 2, 0): (2, 0, 2, 0, 0, 0, 0), (1, 0, 0, 1): (1, 0, 0, 1, 0, 0, 0), (1, 0, 0, 2): (1, 0, 0, 2, 0, 0, 0), (2, 0, 0, 1): (2, 0, 0, 1, 0, 0, 0), (2, 0, 0, 2): (2, 0, 0, 2, 0, 0, 0), (2, 2, 0, 1): (1, 0, 0, 0, 1, 0, 0), (0, 1, 0, 2): (1, 0, 0, 0, 2, 0, 0), (0, 2, 0, 1): (2, 0, 0, 0, 1, 0, 0), (1, 1, 0, 2): (2, 0, 0, 0, 2, 0, 0), (0, 0, 1, 2): (1, 0, 0, 0, 0, 1, 0), (2, 0, 2, 1): (1, 0, 0, 0, 0, 2, 0), (1, 0, 1, 2): (2, 0, 0, 0, 0, 1, 0), (0, 0, 2, 1): (2, 0, 0, 0, 0, 2, 0), (2, 1, 2, 2): (1, 0, 0, 0, 0, 0, 1), (0, 2, 1, 1): (1, 0, 0, 0, 0, 0, 2), (0, 1, 2, 2): (2, 0, 0, 0, 0, 0, 1), (1, 2, 1, 1): (2, 0, 0, 0, 0, 0, 2), (0, 1, 1, 0): (0, 1, 1, 0, 0, 0, 0), (0, 1, 2, 0): (0, 1, 2, 0, 0, 0, 0), (0, 2, 1, 0): (0, 2, 1, 0, 0, 0, 0), (0, 2, 2, 0): (0, 2, 2, 0, 0, 0, 0), (0, 1, 0, 1): (0, 1, 0, 1, 0, 0, 0), (0, 2, 0, 2): (0, 2, 0, 2, 0, 0, 0), (2, 2, 0, 2): (0, 1, 0, 0, 2, 0, 0), (1, 1, 0, 1): (0, 2, 0, 0, 1, 0, 0), (2, 1, 1, 2): (0, 1, 0, 0, 0, 1, 0), (1, 1, 2, 1): (0, 1, 0, 0, 0, 2, 0), (2, 2, 1, 2): (0, 2, 0, 0, 0, 1, 0), (1, 2, 2, 1): (0, 2, 0, 0, 0, 2, 0), (1, 2, 2, 2): (0, 1, 0, 0, 0, 0, 1), (2, 0, 1, 1): (0, 1, 0, 0, 0, 0, 2), (1, 0, 2, 2): (0, 2, 0, 0, 0, 0, 1), (2, 1, 1, 1): (0, 2, 0, 0, 0, 0, 2), (0, 0, 1, 1): (0, 0, 1, 1, 0, 0, 0), (0, 0, 2, 2): (0, 0, 2, 2, 0, 0, 0), (2, 0, 2, 2): (0, 0, 1, 0, 0, 1, 0), (1, 0, 1, 1): (0, 0, 2, 0, 0, 2, 0), (2, 2, 2, 1): (0, 0, 1, 0, 0, 0, 2), (1, 1, 1, 2): (0, 0, 2, 0, 0, 0, 1), (1, 2, 0, 2): (0, 0, 0, 1, 1, 0, 0), (2, 1, 0, 1): (0, 0, 0, 2, 2, 0, 0), (1, 1, 2, 0): (0, 0, 0, 1, 0, 0, 1), (2, 2, 1, 0): (0, 0, 0, 2, 0, 0, 2), (2, 2, 2, 2): (0, 0, 0, 0, 1, 2, 0), (1, 1, 1, 1): (0, 0, 0, 0, 2, 1, 0), (0, 1, 1, 2): (0, 0, 0, 0, 1, 0, 2), (0, 2, 2, 1): (0, 0, 0, 0, 2, 0, 1), (1, 2, 2, 0): (0, 0, 0, 0, 0, 1, 2), (2, 1, 1, 0): (0, 0, 0, 0, 0, 2, 1), (1, 1, 1, 0): (1, 1, 1, 0, 0, 0, 0), (1, 2, 1, 0): (1, 2, 1, 0, 0, 0, 0), (2, 1, 2, 0): (2, 1, 2, 0, 0, 0, 0), (2, 2, 2, 0): (2, 2, 2, 0, 0, 0, 0), (2, 1, 2, 1): (1, 1, 0, 0, 0, 2, 0), (0, 2, 1, 2): (1, 2, 0, 0, 0, 1, 0), (0, 1, 2, 1): (2, 1, 0, 0, 0, 2, 0), (1, 2, 1, 2): (2, 2, 0, 0, 0, 1, 0), (0, 1, 1, 1): (1, 2, 0, 0, 0, 0, 2), (0, 2, 2, 2): (2, 1, 0, 0, 0, 0, 1)}
message: [0, 2, 0]
codeword: (1, 1, 0, 0, 2, 1, 1)
error: (0, 0, 0, 0, 0, 1, 0)
received word: (1, 1, 0, 0, 2, 2, 1)
syndrome: (2, 0, 1, 2)
Syndrome found!(2, 0, 1, 2) (0, 0, 0, 0, 0, 1, 0)
------------------------------------

--------------- Student Name ---------------------
Generator matrix: 
[2 0 2 0 2 2 1]
[1 0 0 0 1 2 0]
[0 1 2 0 1 0 2]
dec radius: 3
Syndrome table:
{(0, 0, 0, 0): (0, 0, 0, 0, 0, 0, 0), (1, 0, 0, 0): (1, 0, 0, 0, 0, 0, 0), (2, 0, 0, 0): (2, 0, 0, 0, 0, 0, 0), (0, 1, 0, 0): (0, 1, 0, 0, 0, 0, 0), (0, 2, 0, 0): (0, 2, 0, 0, 0, 0, 0), (0, 0, 1, 0): (0, 0, 1, 0, 0, 0, 0), (0, 0, 2, 0): (0, 0, 2, 0, 0, 0, 0), (0, 0, 0, 1): (0, 0, 0, 1, 0, 0, 0), (0, 0, 0, 2): (0, 0, 0, 2, 0, 0, 0), (1, 1, 1, 0): (0, 0, 0, 0, 1, 0, 0), (2, 2, 2, 0): (0, 0, 0, 0, 2, 0, 0), (2, 1, 1, 0): (0, 0, 0, 0, 0, 1, 0), (1, 2, 2, 0): (0, 0, 0, 0, 0, 2, 0), (1, 2, 0, 0): (0, 0, 0, 0, 0, 0, 1), (2, 1, 0, 0): (0, 0, 0, 0, 0, 0, 2), (1, 1, 0, 0): (1, 1, 0, 0, 0, 0, 0), (2, 2, 0, 0): (2, 2, 0, 0, 0, 0, 0), (1, 0, 1, 0): (1, 0, 1, 0, 0, 0, 0), (1, 0, 2, 0): (1, 0, 2, 0, 0, 0, 0), (2, 0, 1, 0): (2, 0, 1, 0, 0, 0, 0), (2, 0, 2, 0): (2, 0, 2, 0, 0, 0, 0), (1, 0, 0, 1): (1, 0, 0, 1, 0, 0, 0), (1, 0, 0, 2): (1, 0, 0, 2, 0, 0, 0), (2, 0, 0, 1): (2, 0, 0, 1, 0, 0, 0), (2, 0, 0, 2): (2, 0, 0, 2, 0, 0, 0), (0, 2, 2, 0): (1, 0, 0, 0, 2, 0, 0), (0, 1, 1, 0): (2, 0, 0, 0, 1, 0, 0), (0, 1, 2, 0): (0, 1, 2, 0, 0, 0, 0), (0, 2, 1, 0): (0, 2, 1, 0, 0, 0, 0), (0, 1, 0, 1): (0, 1, 0, 1, 0, 0, 0), (0, 1, 0, 2): (0, 1, 0, 2, 0, 0, 0), (0, 2, 0, 1): (0, 2, 0, 1, 0, 0, 0), (0, 2, 0, 2): (0, 2, 0, 2, 0, 0, 0), (1, 2, 1, 0): (0, 1, 0, 0, 1, 0, 0), (2, 1, 2, 0): (0, 2, 0, 0, 2, 0, 0), (2, 2, 1, 0): (0, 1, 0, 0, 0, 1, 0), (1, 1, 2, 0): (0, 2, 0, 0, 0, 2, 0), (0, 0, 1, 1): (0, 0, 1, 1, 0, 0, 0), (0, 0, 1, 2): (0, 0, 1, 2, 0, 0, 0), (0, 0, 2, 1): (0, 0, 2, 1, 0, 0, 0), (0, 0, 2, 2): (0, 0, 2, 2, 0, 0, 0), (1, 1, 1, 1): (0, 0, 0, 1, 1, 0, 0), (2, 2, 2, 1): (0, 0, 0, 1, 2, 0, 0), (1, 1, 1, 2): (0, 0, 0, 2, 1, 0, 0), (2, 2, 2, 2): (0, 0, 0, 2, 2, 0, 0), (2, 1, 1, 1): (0, 0, 0, 1, 0, 1, 0), (1, 2, 2, 1): (0, 0, 0, 1, 0, 2, 0), (2, 1, 1, 2): (0, 0, 0, 2, 0, 1, 0), (1, 2, 2, 2): (0, 0, 0, 2, 0, 2, 0), (1, 2, 0, 1): (0, 0, 0, 1, 0, 0, 1), (2, 1, 0, 1): (0, 0, 0, 1, 0, 0, 2), (1, 2, 0, 2): (0, 0, 0, 2, 0, 0, 1), (2, 1, 0, 2): (0, 0, 0, 2, 0, 0, 2), (1, 1, 0, 1): (1, 1, 0, 1, 0, 0, 0), (1, 1, 0, 2): (1, 1, 0, 2, 0, 0, 0), (2, 2, 0, 1): (2, 2, 0, 1, 0, 0, 0), (2, 2, 0, 2): (2, 2, 0, 2, 0, 0, 0), (1, 0, 1, 1): (1, 0, 1, 1, 0, 0, 0), (1, 0, 1, 2): (1, 0, 1, 2, 0, 0, 0), (1, 0, 2, 1): (1, 0, 2, 1, 0, 0, 0), (1, 0, 2, 2): (1, 0, 2, 2, 0, 0, 0), (2, 0, 1, 1): (2, 0, 1, 1, 0, 0, 0), (2, 0, 1, 2): (2, 0, 1, 2, 0, 0, 0), (2, 0, 2, 1): (2, 0, 2, 1, 0, 0, 0), (2, 0, 2, 2): (2, 0, 2, 2, 0, 0, 0), (0, 2, 2, 1): (1, 0, 0, 1, 2, 0, 0), (0, 2, 2, 2): (1, 0, 0, 2, 2, 0, 0), (0, 1, 1, 1): (2, 0, 0, 1, 1, 0, 0), (0, 1, 1, 2): (2, 0, 0, 2, 1, 0, 0), (0, 1, 2, 1): (0, 1, 2, 1, 0, 0, 0), (0, 1, 2, 2): (0, 1, 2, 2, 0, 0, 0), (0, 2, 1, 1): (0, 2, 1, 1, 0, 0, 0), (0, 2, 1, 2): (0, 2, 1, 2, 0, 0, 0), (1, 2, 1, 1): (0, 1, 0, 1, 1, 0, 0), (1, 2, 1, 2): (0, 1, 0, 2, 1, 0, 0), (2, 1, 2, 1): (0, 2, 0, 1, 2, 0, 0), (2, 1, 2, 2): (0, 2, 0, 2, 2, 0, 0), (2, 2, 1, 1): (0, 1, 0, 1, 0, 1, 0), (2, 2, 1, 2): (0, 1, 0, 2, 0, 1, 0), (1, 1, 2, 1): (0, 2, 0, 1, 0, 2, 0), (1, 1, 2, 2): (0, 2, 0, 2, 0, 2, 0)}
message: [0, 0, 0]
codeword: (0, 0, 0, 0, 0, 0, 0)
error: (0, 0, 0, 1, 0, 0, 0)
received word: (0, 0, 0, 1, 0, 0, 0)
syndrome: (0, 0, 0, 1)
Syndrome found!(0, 0, 0, 1) (0, 0, 0, 1, 0, 0, 0)
------------------------------------

--------------- Student Name ---------------------
Generator matrix: 
[1 2 0 0 2 2 1]
[2 1 1 2 0 1 2]
[2 0 1 2 0 2 1]
dec radius: 3
Syndrome table:
{(0, 0, 0, 0): (0, 0, 0, 0, 0, 0, 0), (1, 0, 0, 0): (1, 0, 0, 0, 0, 0, 0), (2, 0, 0, 0): (2, 0, 0, 0, 0, 0, 0), (0, 1, 0, 0): (0, 1, 0, 0, 0, 0, 0), (0, 2, 0, 0): (0, 2, 0, 0, 0, 0, 0), (0, 0, 1, 0): (0, 0, 1, 0, 0, 0, 0), (0, 0, 2, 0): (0, 0, 2, 0, 0, 0, 0), (2, 2, 1, 0): (0, 0, 0, 1, 0, 0, 0), (1, 1, 2, 0): (0, 0, 0, 2, 0, 0, 0), (1, 1, 0, 0): (0, 0, 0, 0, 1, 0, 0), (2, 2, 0, 0): (0, 0, 0, 0, 2, 0, 0), (0, 0, 0, 1): (0, 0, 0, 0, 0, 1, 0), (0, 0, 0, 2): (0, 0, 0, 0, 0, 2, 0), (0, 2, 0, 1): (0, 0, 0, 0, 0, 0, 1), (0, 1, 0, 2): (0, 0, 0, 0, 0, 0, 2), (1, 2, 0, 0): (1, 2, 0, 0, 0, 0, 0), (2, 1, 0, 0): (2, 1, 0, 0, 0, 0, 0), (1, 0, 1, 0): (1, 0, 1, 0, 0, 0, 0), (1, 0, 2, 0): (1, 0, 2, 0, 0, 0, 0), (2, 0, 1, 0): (2, 0, 1, 0, 0, 0, 0), (2, 0, 2, 0): (2, 0, 2, 0, 0, 0, 0), (0, 2, 1, 0): (1, 0, 0, 1, 0, 0, 0), (2, 1, 2, 0): (1, 0, 0, 2, 0, 0, 0), (1, 2, 1, 0): (2, 0, 0, 1, 0, 0, 0), (0, 1, 2, 0): (2, 0, 0, 2, 0, 0, 0), (1, 0, 0, 1): (1, 0, 0, 0, 0, 1, 0), (1, 0, 0, 2): (1, 0, 0, 0, 0, 2, 0), (2, 0, 0, 1): (2, 0, 0, 0, 0, 1, 0), (2, 0, 0, 2): (2, 0, 0, 0, 0, 2, 0), (1, 2, 0, 1): (1, 0, 0, 0, 0, 0, 1), (1, 1, 0, 2): (1, 0, 0, 0, 0, 0, 2), (2, 2, 0, 1): (2, 0, 0, 0, 0, 0, 1), (2, 1, 0, 2): (2, 0, 0, 0, 0, 0, 2), (0, 1, 1, 0): (0, 1, 1, 0, 0, 0, 0), (0, 2, 2, 0): (0, 2, 2, 0, 0, 0, 0), (1, 2, 2, 0): (0, 1, 0, 2, 0, 0, 0), (2, 1, 1, 0): (0, 2, 0, 1, 0, 0, 0), (0, 1, 0, 1): (0, 1, 0, 0, 0, 1, 0), (0, 2, 0, 2): (0, 2, 0, 0, 0, 2, 0), (2, 2, 2, 0): (0, 0, 1, 1, 0, 0, 0), (1, 1, 1, 0): (0, 0, 2, 2, 0, 0, 0), (0, 0, 1, 1): (0, 0, 1, 0, 0, 1, 0), (0, 0, 1, 2): (0, 0, 1, 0, 0, 2, 0), (0, 0, 2, 1): (0, 0, 2, 0, 0, 1, 0), (0, 0, 2, 2): (0, 0, 2, 0, 0, 2, 0), (0, 2, 1, 1): (0, 0, 1, 0, 0, 0, 1), (0, 1, 1, 2): (0, 0, 1, 0, 0, 0, 2), (0, 2, 2, 1): (0, 0, 2, 0, 0, 0, 1), (0, 1, 2, 2): (0, 0, 2, 0, 0, 0, 2), (2, 2, 1, 1): (0, 0, 0, 1, 0, 1, 0), (2, 2, 1, 2): (0, 0, 0, 1, 0, 2, 0), (1, 1, 2, 1): (0, 0, 0, 2, 0, 1, 0), (1, 1, 2, 2): (0, 0, 0, 2, 0, 2, 0), (2, 1, 1, 1): (0, 0, 0, 1, 0, 0, 1), (2, 0, 1, 2): (0, 0, 0, 1, 0, 0, 2), (1, 0, 2, 1): (0, 0, 0, 2, 0, 0, 1), (1, 2, 2, 2): (0, 0, 0, 2, 0, 0, 2), (1, 1, 0, 1): (0, 0, 0, 0, 1, 1, 0), (2, 2, 0, 2): (0, 0, 0, 0, 2, 2, 0), (1, 2, 0, 2): (0, 0, 0, 0, 1, 0, 2), (2, 1, 0, 1): (0, 0, 0, 0, 2, 0, 1), (1, 0, 1, 1): (1, 0, 1, 0, 0, 1, 0), (1, 0, 1, 2): (1, 0, 1, 0, 0, 2, 0), (1, 0, 2, 2): (1, 0, 2, 0, 0, 2, 0), (2, 0, 1, 1): (2, 0, 1, 0, 0, 1, 0), (2, 0, 2, 1): (2, 0, 2, 0, 0, 1, 0), (2, 0, 2, 2): (2, 0, 2, 0, 0, 2, 0), (1, 2, 1, 1): (1, 0, 1, 0, 0, 0, 1), (1, 1, 1, 2): (1, 0, 1, 0, 0, 0, 2), (1, 2, 2, 1): (1, 0, 2, 0, 0, 0, 1), (2, 1, 1, 2): (2, 0, 1, 0, 0, 0, 2), (2, 2, 2, 1): (2, 0, 2, 0, 0, 0, 1), (2, 1, 2, 2): (2, 0, 2, 0, 0, 0, 2), (0, 2, 1, 2): (1, 0, 0, 1, 0, 2, 0), (2, 1, 2, 1): (1, 0, 0, 2, 0, 1, 0), (1, 2, 1, 2): (2, 0, 0, 1, 0, 2, 0), (0, 1, 2, 1): (2, 0, 0, 2, 0, 1, 0), (0, 1, 1, 1): (1, 0, 0, 1, 0, 0, 1), (2, 2, 2, 2): (1, 0, 0, 2, 0, 0, 2), (1, 1, 1, 1): (2, 0, 0, 1, 0, 0, 1), (0, 2, 2, 2): (2, 0, 0, 2, 0, 0, 2)}
message: [1, 1, 2]
codeword: (1, 0, 0, 0, 2, 1, 2)
error: (0, 0, 0, 0, 0, 0, 2)
received word: (1, 0, 0, 0, 2, 1, 1)
syndrome: (0, 1, 0, 2)
Syndrome found!(0, 1, 0, 2) (0, 0, 0, 0, 0, 0, 2)
------------------------------------

--------------- Student Name ---------------------
Generator matrix: 
[1 2 2 1 0 2 1]
[0 0 0 1 2 2 0]
[2 2 0 1 0 0 2]
dec radius: 3
Syndrome table:
{(0, 0, 0, 0): (0, 0, 0, 0, 0, 0, 0), (1, 0, 0, 0): (1, 0, 0, 0, 0, 0, 0), (2, 0, 0, 0): (2, 0, 0, 0, 0, 0, 0), (0, 1, 0, 0): (0, 1, 0, 0, 0, 0, 0), (0, 2, 0, 0): (0, 2, 0, 0, 0, 0, 0), (0, 0, 1, 0): (0, 0, 1, 0, 0, 0, 0), (0, 0, 2, 0): (0, 0, 2, 0, 0, 0, 0), (0, 0, 0, 1): (0, 0, 0, 1, 0, 0, 0), (0, 0, 0, 2): (0, 0, 0, 2, 0, 0, 0), (0, 2, 1, 2): (0, 0, 0, 0, 1, 0, 0), (0, 1, 2, 1): (0, 0, 0, 0, 2, 0, 0), (0, 1, 2, 2): (0, 0, 0, 0, 0, 1, 0), (0, 2, 1, 1): (0, 0, 0, 0, 0, 2, 0), (2, 2, 0, 1): (0, 0, 0, 0, 0, 0, 1), (1, 1, 0, 2): (0, 0, 0, 0, 0, 0, 2), (1, 1, 0, 0): (1, 1, 0, 0, 0, 0, 0), (1, 2, 0, 0): (1, 2, 0, 0, 0, 0, 0), (2, 1, 0, 0): (2, 1, 0, 0, 0, 0, 0), (2, 2, 0, 0): (2, 2, 0, 0, 0, 0, 0), (1, 0, 1, 0): (1, 0, 1, 0, 0, 0, 0), (1, 0, 2, 0): (1, 0, 2, 0, 0, 0, 0), (2, 0, 1, 0): (2, 0, 1, 0, 0, 0, 0), (2, 0, 2, 0): (2, 0, 2, 0, 0, 0, 0), (1, 0, 0, 1): (1, 0, 0, 1, 0, 0, 0), (1, 0, 0, 2): (1, 0, 0, 2, 0, 0, 0), (2, 0, 0, 1): (2, 0, 0, 1, 0, 0, 0), (2, 0, 0, 2): (2, 0, 0, 2, 0, 0, 0), (1, 2, 1, 2): (1, 0, 0, 0, 1, 0, 0), (1, 1, 2, 1): (1, 0, 0, 0, 2, 0, 0), (2, 2, 1, 2): (2, 0, 0, 0, 1, 0, 0), (2, 1, 2, 1): (2, 0, 0, 0, 2, 0, 0), (1, 1, 2, 2): (1, 0, 0, 0, 0, 1, 0), (1, 2, 1, 1): (1, 0, 0, 0, 0, 2, 0), (2, 1, 2, 2): (2, 0, 0, 0, 0, 1, 0), (2, 2, 1, 1): (2, 0, 0, 0, 0, 2, 0), (0, 2, 0, 1): (1, 0, 0, 0, 0, 0, 1), (2, 1, 0, 2): (1, 0, 0, 0, 0, 0, 2), (1, 2, 0, 1): (2, 0, 0, 0, 0, 0, 1), (0, 1, 0, 2): (2, 0, 0, 0, 0, 0, 2), (0, 1, 1, 0): (0, 1, 1, 0, 0, 0, 0), (0, 1, 2, 0): (0, 1, 2, 0, 0, 0, 0), (0, 2, 1, 0): (0, 2, 1, 0, 0, 0, 0), (0, 2, 2, 0): (0, 2, 2, 0, 0, 0, 0), (0, 1, 0, 1): (0, 1, 0, 1, 0, 0, 0), (0, 2, 0, 2): (0, 2, 0, 2, 0, 0, 0), (0, 0, 1, 2): (0, 1, 0, 0, 1, 0, 0), (0, 2, 2, 1): (0, 1, 0, 0, 2, 0, 0), (0, 1, 1, 2): (0, 2, 0, 0, 1, 0, 0), (0, 0, 2, 1): (0, 2, 0, 0, 2, 0, 0), (0, 2, 2, 2): (0, 1, 0, 0, 0, 1, 0), (0, 0, 1, 1): (0, 1, 0, 0, 0, 2, 0), (0, 0, 2, 2): (0, 2, 0, 0, 0, 1, 0), (0, 1, 1, 1): (0, 2, 0, 0, 0, 2, 0), (1, 2, 0, 2): (0, 1, 0, 0, 0, 0, 2), (2, 1, 0, 1): (0, 2, 0, 0, 0, 0, 1), (1, 1, 1, 2): (0, 0, 1, 0, 0, 0, 2), (2, 2, 2, 1): (0, 0, 2, 0, 0, 0, 1), (2, 2, 0, 2): (0, 0, 0, 1, 0, 0, 1), (1, 1, 0, 1): (0, 0, 0, 2, 0, 0, 2), (2, 1, 1, 0): (0, 0, 0, 0, 1, 0, 1), (1, 0, 1, 1): (0, 0, 0, 0, 1, 0, 2), (2, 0, 2, 2): (0, 0, 0, 0, 2, 0, 1), (1, 2, 2, 0): (0, 0, 0, 0, 2, 0, 2), (1, 2, 2, 1): (0, 0, 0, 0, 0, 1, 2), (2, 1, 1, 2): (0, 0, 0, 0, 0, 2, 1), (1, 1, 1, 0): (1, 1, 1, 0, 0, 0, 0), (1, 1, 2, 0): (1, 1, 2, 0, 0, 0, 0), (1, 2, 1, 0): (1, 2, 1, 0, 0, 0, 0), (2, 1, 2, 0): (2, 1, 2, 0, 0, 0, 0), (2, 2, 1, 0): (2, 2, 1, 0, 0, 0, 0), (2, 2, 2, 0): (2, 2, 2, 0, 0, 0, 0), (1, 0, 1, 2): (1, 1, 0, 0, 1, 0, 0), (1, 0, 2, 1): (1, 2, 0, 0, 2, 0, 0), (2, 0, 1, 2): (2, 1, 0, 0, 1, 0, 0), (2, 0, 2, 1): (2, 2, 0, 0, 2, 0, 0), (1, 2, 2, 2): (1, 1, 0, 0, 0, 1, 0), (1, 0, 2, 2): (1, 2, 0, 0, 0, 1, 0), (1, 1, 1, 1): (1, 2, 0, 0, 0, 2, 0), (2, 2, 2, 2): (2, 1, 0, 0, 0, 1, 0), (2, 0, 1, 1): (2, 1, 0, 0, 0, 2, 0), (2, 1, 1, 1): (2, 2, 0, 0, 0, 2, 0)}
message: [0, 0, 1]
codeword: (2, 2, 0, 1, 0, 0, 2)
error: (1, 0, 0, 0, 0, 0, 0)
received word: (0, 2, 0, 1, 0, 0, 2)
syndrome: (1, 0, 0, 0)
Syndrome found!(1, 0, 0, 0) (1, 0, 0, 0, 0, 0, 0)
------------------------------------

--------------- Student Name ---------------------
Generator matrix: 
[0 1 1 1 1 2 0]
[0 2 0 2 2 2 2]
[1 0 0 0 2 1 0]
dec radius: 3
Syndrome table:
{(0, 0, 0, 0): (0, 0, 0, 0, 0, 0, 0), (1, 0, 0, 0): (1, 0, 0, 0, 0, 0, 0), (2, 0, 0, 0): (2, 0, 0, 0, 0, 0, 0), (0, 1, 0, 0): (0, 1, 0, 0, 0, 0, 0), (0, 2, 0, 0): (0, 2, 0, 0, 0, 0, 0), (0, 0, 1, 0): (0, 0, 1, 0, 0, 0, 0), (0, 0, 2, 0): (0, 0, 2, 0, 0, 0, 0), (2, 2, 2, 0): (0, 0, 0, 1, 0, 0, 0), (1, 1, 1, 0): (0, 0, 0, 2, 0, 0, 0), (0, 0, 0, 1): (0, 0, 0, 0, 1, 0, 0), (0, 0, 0, 2): (0, 0, 0, 0, 2, 0, 0), (2, 0, 0, 1): (0, 0, 0, 0, 0, 1, 0), (1, 0, 0, 2): (0, 0, 0, 0, 0, 2, 0), (2, 0, 1, 1): (0, 0, 0, 0, 0, 0, 1), (1, 0, 2, 2): (0, 0, 0, 0, 0, 0, 2), (1, 1, 0, 0): (1, 1, 0, 0, 0, 0, 0), (1, 2, 0, 0): (1, 2, 0, 0, 0, 0, 0), (2, 1, 0, 0): (2, 1, 0, 0, 0, 0, 0), (2, 2, 0, 0): (2, 2, 0, 0, 0, 0, 0), (1, 0, 1, 0): (1, 0, 1, 0, 0, 0, 0), (1, 0, 2, 0): (1, 0, 2, 0, 0, 0, 0), (2, 0, 1, 0): (2, 0, 1, 0, 0, 0, 0), (2, 0, 2, 0): (2, 0, 2, 0, 0, 0, 0), (0, 2, 2, 0): (1, 0, 0, 1, 0, 0, 0), (2, 1, 1, 0): (1, 0, 0, 2, 0, 0, 0), (1, 2, 2, 0): (2, 0, 0, 1, 0, 0, 0), (0, 1, 1, 0): (2, 0, 0, 2, 0, 0, 0), (1, 0, 0, 1): (1, 0, 0, 0, 1, 0, 0), (2, 0, 0, 2): (2, 0, 0, 0, 2, 0, 0), (0, 0, 1, 1): (1, 0, 0, 0, 0, 0, 1), (2, 0, 2, 2): (1, 0, 0, 0, 0, 0, 2), (1, 0, 1, 1): (2, 0, 0, 0, 0, 0, 1), (0, 0, 2, 2): (2, 0, 0, 0, 0, 0, 2), (0, 1, 2, 0): (0, 1, 2, 0, 0, 0, 0), (0, 2, 1, 0): (0, 2, 1, 0, 0, 0, 0), (1, 2, 1, 0): (0, 1, 0, 2, 0, 0, 0), (2, 1, 2, 0): (0, 2, 0, 1, 0, 0, 0), (0, 1, 0, 1): (0, 1, 0, 0, 1, 0, 0), (0, 1, 0, 2): (0, 1, 0, 0, 2, 0, 0), (0, 2, 0, 1): (0, 2, 0, 0, 1, 0, 0), (0, 2, 0, 2): (0, 2, 0, 0, 2, 0, 0), (2, 1, 0, 1): (0, 1, 0, 0, 0, 1, 0), (1, 1, 0, 2): (0, 1, 0, 0, 0, 2, 0), (2, 2, 0, 1): (0, 2, 0, 0, 0, 1, 0), (1, 2, 0, 2): (0, 2, 0, 0, 0, 2, 0), (2, 1, 1, 1): (0, 1, 0, 0, 0, 0, 1), (1, 1, 2, 2): (0, 1, 0, 0, 0, 0, 2), (2, 2, 1, 1): (0, 2, 0, 0, 0, 0, 1), (1, 2, 2, 2): (0, 2, 0, 0, 0, 0, 2), (1, 1, 2, 0): (0, 0, 1, 2, 0, 0, 0), (2, 2, 1, 0): (0, 0, 2, 1, 0, 0, 0), (0, 0, 1, 2): (0, 0, 1, 0, 2, 0, 0), (0, 0, 2, 1): (0, 0, 2, 0, 1, 0, 0), (1, 0, 1, 2): (0, 0, 1, 0, 0, 2, 0), (2, 0, 2, 1): (0, 0, 2, 0, 0, 1, 0), (2, 2, 2, 1): (0, 0, 0, 1, 1, 0, 0), (2, 2, 2, 2): (0, 0, 0, 1, 2, 0, 0), (1, 1, 1, 1): (0, 0, 0, 2, 1, 0, 0), (1, 1, 1, 2): (0, 0, 0, 2, 2, 0, 0), (1, 2, 2, 1): (0, 0, 0, 1, 0, 1, 0), (0, 2, 2, 2): (0, 0, 0, 1, 0, 2, 0), (0, 1, 1, 1): (0, 0, 0, 2, 0, 1, 0), (2, 1, 1, 2): (0, 0, 0, 2, 0, 2, 0), (1, 2, 0, 1): (0, 0, 0, 1, 0, 0, 1), (0, 2, 1, 2): (0, 0, 0, 1, 0, 0, 2), (0, 1, 2, 1): (0, 0, 0, 2, 0, 0, 1), (2, 1, 0, 2): (0, 0, 0, 2, 0, 0, 2), (2, 0, 1, 2): (0, 0, 0, 0, 1, 0, 1), (1, 0, 2, 1): (0, 0, 0, 0, 2, 0, 2), (1, 1, 0, 1): (1, 1, 0, 0, 1, 0, 0), (2, 2, 0, 2): (2, 2, 0, 0, 2, 0, 0), (2, 1, 2, 2): (1, 1, 0, 0, 0, 0, 2), (0, 2, 1, 1): (1, 2, 0, 0, 0, 0, 1), (0, 1, 2, 2): (2, 1, 0, 0, 0, 0, 2), (1, 2, 1, 1): (2, 2, 0, 0, 0, 0, 1), (0, 2, 2, 1): (1, 0, 0, 1, 1, 0, 0), (0, 1, 1, 2): (2, 0, 0, 2, 2, 0, 0), (1, 2, 1, 2): (1, 0, 0, 1, 0, 0, 2), (1, 1, 2, 1): (1, 0, 0, 2, 0, 0, 1), (2, 2, 1, 2): (2, 0, 0, 1, 0, 0, 2), (2, 1, 2, 1): (2, 0, 0, 2, 0, 0, 1)}
message: [0, 0, 2]
codeword: (2, 0, 0, 0, 1, 2, 0)
error: (1, 0, 0, 0, 0, 0, 0)
received word: (0, 0, 0, 0, 1, 2, 0)
syndrome: (1, 0, 0, 0)
Syndrome found!(1, 0, 0, 0) (1, 0, 0, 0, 0, 0, 0)
------------------------------------

--------------- Student Name ---------------------
Generator matrix: 
[2 0 1 1 1 0 1]
[0 2 0 0 1 0 1]
[0 0 1 0 1 1 2]
dec radius: 3
Syndrome table:
{(0, 0, 0, 0): (0, 0, 0, 0, 0, 0, 0), (1, 0, 0, 0): (1, 0, 0, 0, 0, 0, 0), (2, 0, 0, 0): (2, 0, 0, 0, 0, 0, 0), (0, 1, 0, 0): (0, 1, 0, 0, 0, 0, 0), (0, 2, 0, 0): (0, 2, 0, 0, 0, 0, 0), (0, 0, 1, 0): (0, 0, 1, 0, 0, 0, 0), (0, 0, 2, 0): (0, 0, 2, 0, 0, 0, 0), (1, 2, 2, 0): (0, 0, 0, 1, 0, 0, 0), (2, 1, 1, 0): (0, 0, 0, 2, 0, 0, 0), (0, 0, 0, 1): (0, 0, 0, 0, 1, 0, 0), (0, 0, 0, 2): (0, 0, 0, 0, 2, 0, 0), (0, 1, 2, 1): (0, 0, 0, 0, 0, 1, 0), (0, 2, 1, 2): (0, 0, 0, 0, 0, 2, 0), (0, 1, 0, 2): (0, 0, 0, 0, 0, 0, 1), (0, 2, 0, 1): (0, 0, 0, 0, 0, 0, 2), (1, 1, 0, 0): (1, 1, 0, 0, 0, 0, 0), (1, 2, 0, 0): (1, 2, 0, 0, 0, 0, 0), (2, 1, 0, 0): (2, 1, 0, 0, 0, 0, 0), (2, 2, 0, 0): (2, 2, 0, 0, 0, 0, 0), (1, 0, 1, 0): (1, 0, 1, 0, 0, 0, 0), (1, 0, 2, 0): (1, 0, 2, 0, 0, 0, 0), (2, 0, 1, 0): (2, 0, 1, 0, 0, 0, 0), (2, 0, 2, 0): (2, 0, 2, 0, 0, 0, 0), (2, 2, 2, 0): (1, 0, 0, 1, 0, 0, 0), (0, 1, 1, 0): (1, 0, 0, 2, 0, 0, 0), (0, 2, 2, 0): (2, 0, 0, 1, 0, 0, 0), (1, 1, 1, 0): (2, 0, 0, 2, 0, 0, 0), (1, 0, 0, 1): (1, 0, 0, 0, 1, 0, 0), (1, 0, 0, 2): (1, 0, 0, 0, 2, 0, 0), (2, 0, 0, 1): (2, 0, 0, 0, 1, 0, 0), (2, 0, 0, 2): (2, 0, 0, 0, 2, 0, 0), (1, 1, 2, 1): (1, 0, 0, 0, 0, 1, 0), (1, 2, 1, 2): (1, 0, 0, 0, 0, 2, 0), (2, 1, 2, 1): (2, 0, 0, 0, 0, 1, 0), (2, 2, 1, 2): (2, 0, 0, 0, 0, 2, 0), (1, 1, 0, 2): (1, 0, 0, 0, 0, 0, 1), (1, 2, 0, 1): (1, 0, 0, 0, 0, 0, 2), (2, 1, 0, 2): (2, 0, 0, 0, 0, 0, 1), (2, 2, 0, 1): (2, 0, 0, 0, 0, 0, 2), (0, 1, 2, 0): (0, 1, 2, 0, 0, 0, 0), (0, 2, 1, 0): (0, 2, 1, 0, 0, 0, 0), (2, 2, 1, 0): (0, 1, 0, 2, 0, 0, 0), (1, 1, 2, 0): (0, 2, 0, 1, 0, 0, 0), (0, 1, 0, 1): (0, 1, 0, 0, 1, 0, 0), (0, 2, 0, 2): (0, 2, 0, 0, 2, 0, 0), (0, 2, 2, 1): (0, 1, 0, 0, 0, 1, 0), (0, 0, 1, 2): (0, 1, 0, 0, 0, 2, 0), (0, 0, 2, 1): (0, 2, 0, 0, 0, 1, 0), (0, 1, 1, 2): (0, 2, 0, 0, 0, 2, 0), (2, 1, 2, 0): (0, 0, 1, 2, 0, 0, 0), (1, 2, 1, 0): (0, 0, 2, 1, 0, 0, 0), (0, 0, 1, 1): (0, 0, 1, 0, 1, 0, 0), (0, 0, 2, 2): (0, 0, 2, 0, 2, 0, 0), (0, 2, 2, 2): (0, 0, 1, 0, 0, 2, 0), (0, 1, 1, 1): (0, 0, 2, 0, 0, 1, 0), (0, 2, 1, 1): (0, 0, 1, 0, 0, 0, 2), (0, 1, 2, 2): (0, 0, 2, 0, 0, 0, 1), (1, 2, 2, 1): (0, 0, 0, 1, 1, 0, 0), (1, 2, 2, 2): (0, 0, 0, 1, 2, 0, 0), (2, 1, 1, 1): (0, 0, 0, 2, 1, 0, 0), (2, 1, 1, 2): (0, 0, 0, 2, 2, 0, 0), (1, 0, 1, 1): (0, 0, 0, 1, 0, 1, 0), (2, 0, 2, 2): (0, 0, 0, 2, 0, 2, 0), (1, 0, 2, 2): (0, 0, 0, 1, 0, 0, 1), (2, 0, 1, 1): (0, 0, 0, 2, 0, 0, 2), (1, 1, 0, 1): (1, 1, 0, 0, 1, 0, 0), (1, 2, 0, 2): (1, 2, 0, 0, 2, 0, 0), (2, 1, 0, 1): (2, 1, 0, 0, 1, 0, 0), (2, 2, 0, 2): (2, 2, 0, 0, 2, 0, 0), (1, 0, 1, 2): (1, 1, 0, 0, 0, 2, 0), (1, 0, 2, 1): (1, 2, 0, 0, 0, 1, 0), (1, 1, 1, 2): (1, 2, 0, 0, 0, 2, 0), (2, 2, 2, 1): (2, 1, 0, 0, 0, 1, 0), (2, 0, 1, 2): (2, 1, 0, 0, 0, 2, 0), (2, 0, 2, 1): (2, 2, 0, 0, 0, 1, 0), (1, 1, 1, 1): (1, 0, 2, 0, 0, 1, 0), (2, 2, 2, 2): (2, 0, 1, 0, 0, 2, 0), (1, 2, 1, 1): (1, 0, 1, 0, 0, 0, 2), (1, 1, 2, 2): (1, 0, 2, 0, 0, 0, 1), (2, 2, 1, 1): (2, 0, 1, 0, 0, 0, 2), (2, 1, 2, 2): (2, 0, 2, 0, 0, 0, 1)}
message: [1, 1, 1]
codeword: (2, 2, 2, 1, 0, 1, 1)
error: (0, 0, 0, 0, 0, 0, 1)
received word: (2, 2, 2, 1, 0, 1, 2)
syndrome: (0, 1, 0, 2)
Syndrome found!(0, 1, 0, 2) (0, 0, 0, 0, 0, 0, 1)
------------------------------------

--------------- Student Name ---------------------
Generator matrix: 
[0 2 2 2 1 1 1]
[2 2 2 1 0 1 0]
[2 2 2 0 1 1 1]
dec radius: 4
Syndrome table:
{(0, 0, 0, 0): (0, 0, 0, 0, 0, 0, 0), (1, 0, 0, 0): (1, 0, 0, 0, 0, 0, 0), (2, 0, 0, 0): (2, 0, 0, 0, 0, 0, 0), (0, 1, 0, 0): (0, 1, 0, 0, 0, 0, 0), (0, 2, 0, 0): (0, 2, 0, 0, 0, 0, 0), (0, 0, 1, 0): (0, 0, 1, 0, 0, 0, 0), (0, 0, 2, 0): (0, 0, 2, 0, 0, 0, 0), (0, 0, 0, 1): (0, 0, 0, 0, 1, 0, 0), (0, 0, 0, 2): (0, 0, 0, 0, 2, 0, 0), (0, 1, 1, 0): (0, 0, 0, 0, 0, 1, 0), (0, 2, 2, 0): (0, 0, 0, 0, 0, 2, 0), (1, 0, 0, 2): (0, 0, 0, 0, 0, 0, 1), (2, 0, 0, 1): (0, 0, 0, 0, 0, 0, 2), (1, 1, 0, 0): (1, 1, 0, 0, 0, 0, 0), (1, 2, 0, 0): (1, 2, 0, 0, 0, 0, 0), (2, 1, 0, 0): (2, 1, 0, 0, 0, 0, 0), (2, 2, 0, 0): (2, 2, 0, 0, 0, 0, 0), (1, 0, 1, 0): (1, 0, 1, 0, 0, 0, 0), (1, 0, 2, 0): (1, 0, 2, 0, 0, 0, 0), (2, 0, 1, 0): (2, 0, 1, 0, 0, 0, 0), (2, 0, 2, 0): (2, 0, 2, 0, 0, 0, 0), (1, 0, 0, 1): (1, 0, 0, 0, 1, 0, 0), (2, 0, 0, 2): (2, 0, 0, 0, 2, 0, 0), (1, 1, 1, 0): (1, 0, 0, 0, 0, 1, 0), (1, 2, 2, 0): (1, 0, 0, 0, 0, 2, 0), (2, 1, 1, 0): (2, 0, 0, 0, 0, 1, 0), (2, 2, 2, 0): (2, 0, 0, 0, 0, 2, 0), (0, 1, 2, 0): (0, 1, 2, 0, 0, 0, 0), (0, 2, 1, 0): (0, 2, 1, 0, 0, 0, 0), (0, 1, 0, 1): (0, 1, 0, 0, 1, 0, 0), (0, 1, 0, 2): (0, 1, 0, 0, 2, 0, 0), (0, 2, 0, 1): (0, 2, 0, 0, 1, 0, 0), (0, 2, 0, 2): (0, 2, 0, 0, 2, 0, 0), (1, 1, 0, 2): (0, 1, 0, 0, 0, 0, 1), (2, 1, 0, 1): (0, 1, 0, 0, 0, 0, 2), (1, 2, 0, 2): (0, 2, 0, 0, 0, 0, 1), (2, 2, 0, 1): (0, 2, 0, 0, 0, 0, 2), (0, 0, 1, 1): (0, 0, 1, 0, 1, 0, 0), (0, 0, 1, 2): (0, 0, 1, 0, 2, 0, 0), (0, 0, 2, 1): (0, 0, 2, 0, 1, 0, 0), (0, 0, 2, 2): (0, 0, 2, 0, 2, 0, 0), (1, 0, 1, 2): (0, 0, 1, 0, 0, 0, 1), (2, 0, 1, 1): (0, 0, 1, 0, 0, 0, 2), (1, 0, 2, 2): (0, 0, 2, 0, 0, 0, 1), (2, 0, 2, 1): (0, 0, 2, 0, 0, 0, 2), (0, 1, 1, 1): (0, 0, 0, 0, 1, 1, 0), (0, 2, 2, 1): (0, 0, 0, 0, 1, 2, 0), (0, 1, 1, 2): (0, 0, 0, 0, 2, 1, 0), (0, 2, 2, 2): (0, 0, 0, 0, 2, 2, 0), (1, 1, 1, 2): (0, 0, 0, 0, 0, 1, 1), (2, 1, 1, 1): (0, 0, 0, 0, 0, 1, 2), (1, 2, 2, 2): (0, 0, 0, 0, 0, 2, 1), (2, 2, 2, 1): (0, 0, 0, 0, 0, 2, 2), (1, 1, 2, 0): (1, 1, 2, 0, 0, 0, 0), (1, 2, 1, 0): (1, 2, 1, 0, 0, 0, 0), (2, 1, 2, 0): (2, 1, 2, 0, 0, 0, 0), (2, 2, 1, 0): (2, 2, 1, 0, 0, 0, 0), (1, 1, 0, 1): (1, 1, 0, 0, 1, 0, 0), (1, 2, 0, 1): (1, 2, 0, 0, 1, 0, 0), (2, 1, 0, 2): (2, 1, 0, 0, 2, 0, 0), (2, 2, 0, 2): (2, 2, 0, 0, 2, 0, 0), (1, 0, 1, 1): (1, 0, 1, 0, 1, 0, 0), (1, 0, 2, 1): (1, 0, 2, 0, 1, 0, 0), (2, 0, 1, 2): (2, 0, 1, 0, 2, 0, 0), (2, 0, 2, 2): (2, 0, 2, 0, 2, 0, 0), (1, 1, 1, 1): (1, 0, 0, 0, 1, 1, 0), (1, 2, 2, 1): (1, 0, 0, 0, 1, 2, 0), (2, 1, 1, 2): (2, 0, 0, 0, 2, 1, 0), (2, 2, 2, 2): (2, 0, 0, 0, 2, 2, 0), (0, 1, 2, 1): (0, 1, 2, 0, 1, 0, 0), (0, 1, 2, 2): (0, 1, 2, 0, 2, 0, 0), (0, 2, 1, 1): (0, 2, 1, 0, 1, 0, 0), (0, 2, 1, 2): (0, 2, 1, 0, 2, 0, 0), (1, 1, 2, 2): (0, 1, 2, 0, 0, 0, 1), (2, 1, 2, 1): (0, 1, 2, 0, 0, 0, 2), (1, 2, 1, 2): (0, 2, 1, 0, 0, 0, 1), (2, 2, 1, 1): (0, 2, 1, 0, 0, 0, 2), (1, 1, 2, 1): (1, 1, 2, 0, 1, 0, 0), (1, 2, 1, 1): (1, 2, 1, 0, 1, 0, 0), (2, 1, 2, 2): (2, 1, 2, 0, 2, 0, 0), (2, 2, 1, 2): (2, 2, 1, 0, 2, 0, 0)}
message: [1, 2, 0]
codeword: (1, 0, 0, 1, 1, 0, 1)
error: (0, 0, 0, 0, 2, 0, 0)
received word: (1, 0, 0, 1, 0, 0, 1)
syndrome: (0, 0, 0, 2)
Syndrome found!(0, 0, 0, 2) (0, 0, 0, 0, 2, 0, 0)
------------------------------------

--------------- Student Name ---------------------
Generator matrix: 
[2 2 0 2 0 2 0]
[0 1 2 1 0 0 0]
[1 1 2 0 2 0 2]
dec radius: 3
Syndrome table:
{(0, 0, 0, 0): (0, 0, 0, 0, 0, 0, 0), (1, 0, 0, 0): (1, 0, 0, 0, 0, 0, 0), (2, 0, 0, 0): (2, 0, 0, 0, 0, 0, 0), (0, 1, 0, 0): (0, 1, 0, 0, 0, 0, 0), (0, 2, 0, 0): (0, 2, 0, 0, 0, 0, 0), (0, 0, 1, 0): (0, 0, 1, 0, 0, 0, 0), (0, 0, 2, 0): (0, 0, 2, 0, 0, 0, 0), (0, 2, 1, 0): (0, 0, 0, 1, 0, 0, 0), (0, 1, 2, 0): (0, 0, 0, 2, 0, 0, 0), (0, 0, 0, 1): (0, 0, 0, 0, 1, 0, 0), (0, 0, 0, 2): (0, 0, 0, 0, 2, 0, 0), (2, 0, 2, 0): (0, 0, 0, 0, 0, 1, 0), (1, 0, 1, 0): (0, 0, 0, 0, 0, 2, 0), (1, 1, 2, 2): (0, 0, 0, 0, 0, 0, 1), (2, 2, 1, 1): (0, 0, 0, 0, 0, 0, 2), (1, 1, 0, 0): (1, 1, 0, 0, 0, 0, 0), (1, 2, 0, 0): (1, 2, 0, 0, 0, 0, 0), (2, 1, 0, 0): (2, 1, 0, 0, 0, 0, 0), (2, 2, 0, 0): (2, 2, 0, 0, 0, 0, 0), (1, 0, 2, 0): (1, 0, 2, 0, 0, 0, 0), (2, 0, 1, 0): (2, 0, 1, 0, 0, 0, 0), (1, 2, 1, 0): (1, 0, 0, 1, 0, 0, 0), (1, 1, 2, 0): (1, 0, 0, 2, 0, 0, 0), (2, 2, 1, 0): (2, 0, 0, 1, 0, 0, 0), (2, 1, 2, 0): (2, 0, 0, 2, 0, 0, 0), (1, 0, 0, 1): (1, 0, 0, 0, 1, 0, 0), (1, 0, 0, 2): (1, 0, 0, 0, 2, 0, 0), (2, 0, 0, 1): (2, 0, 0, 0, 1, 0, 0), (2, 0, 0, 2): (2, 0, 0, 0, 2, 0, 0), (2, 1, 2, 2): (1, 0, 0, 0, 0, 0, 1), (0, 2, 1, 1): (1, 0, 0, 0, 0, 0, 2), (0, 1, 2, 2): (2, 0, 0, 0, 0, 0, 1), (1, 2, 1, 1): (2, 0, 0, 0, 0, 0, 2), (0, 1, 1, 0): (0, 1, 1, 0, 0, 0, 0), (0, 2, 2, 0): (0, 2, 2, 0, 0, 0, 0), (0, 1, 0, 1): (0, 1, 0, 0, 1, 0, 0), (0, 1, 0, 2): (0, 1, 0, 0, 2, 0, 0), (0, 2, 0, 1): (0, 2, 0, 0, 1, 0, 0), (0, 2, 0, 2): (0, 2, 0, 0, 2, 0, 0), (1, 1, 1, 0): (0, 1, 0, 0, 0, 2, 0), (2, 2, 2, 0): (0, 2, 0, 0, 0, 1, 0), (1, 2, 2, 2): (0, 1, 0, 0, 0, 0, 1), (2, 0, 1, 1): (0, 1, 0, 0, 0, 0, 2), (1, 0, 2, 2): (0, 2, 0, 0, 0, 0, 1), (2, 1, 1, 1): (0, 2, 0, 0, 0, 0, 2), (0, 0, 1, 1): (0, 0, 1, 0, 1, 0, 0), (0, 0, 1, 2): (0, 0, 1, 0, 2, 0, 0), (0, 0, 2, 1): (0, 0, 2, 0, 1, 0, 0), (0, 0, 2, 2): (0, 0, 2, 0, 2, 0, 0), (1, 1, 0, 2): (0, 0, 1, 0, 0, 0, 1), (2, 2, 2, 1): (0, 0, 1, 0, 0, 0, 2), (1, 1, 1, 2): (0, 0, 2, 0, 0, 0, 1), (2, 2, 0, 1): (0, 0, 2, 0, 0, 0, 2), (0, 2, 1, 2): (0, 0, 0, 1, 2, 0, 0), (0, 1, 2, 1): (0, 0, 0, 2, 1, 0, 0), (1, 2, 2, 0): (0, 0, 0, 1, 0, 2, 0), (2, 1, 1, 0): (0, 0, 0, 2, 0, 1, 0), (2, 1, 2, 1): (0, 0, 0, 1, 0, 0, 2), (1, 2, 1, 2): (0, 0, 0, 2, 0, 0, 1), (2, 0, 2, 1): (0, 0, 0, 0, 1, 1, 0), (1, 0, 1, 1): (0, 0, 0, 0, 1, 2, 0), (2, 0, 2, 2): (0, 0, 0, 0, 2, 1, 0), (1, 0, 1, 2): (0, 0, 0, 0, 2, 2, 0), (2, 2, 1, 2): (0, 0, 0, 0, 1, 0, 2), (1, 1, 2, 1): (0, 0, 0, 0, 2, 0, 1), (0, 1, 1, 2): (0, 0, 0, 0, 0, 1, 1), (1, 2, 0, 1): (0, 0, 0, 0, 0, 1, 2), (2, 1, 0, 2): (0, 0, 0, 0, 0, 2, 1), (0, 2, 2, 1): (0, 0, 0, 0, 0, 2, 2), (1, 1, 0, 1): (1, 1, 0, 0, 1, 0, 0), (1, 2, 0, 2): (1, 2, 0, 0, 2, 0, 0), (2, 1, 0, 1): (2, 1, 0, 0, 1, 0, 0), (2, 2, 0, 2): (2, 2, 0, 0, 2, 0, 0), (2, 2, 2, 2): (1, 1, 0, 0, 0, 0, 1), (0, 1, 1, 1): (1, 2, 0, 0, 0, 0, 2), (0, 2, 2, 2): (2, 1, 0, 0, 0, 0, 1), (1, 1, 1, 1): (2, 2, 0, 0, 0, 0, 2), (1, 0, 2, 1): (1, 0, 2, 0, 1, 0, 0), (2, 0, 1, 2): (2, 0, 1, 0, 2, 0, 0), (2, 1, 1, 2): (1, 0, 2, 0, 0, 0, 1), (1, 2, 2, 1): (2, 0, 1, 0, 0, 0, 2)}
message: [1, 1, 1]
codeword: (0, 1, 1, 0, 2, 2, 2)
error: (0, 0, 0, 0, 0, 1, 0)
received word: (0, 1, 1, 0, 2, 0, 2)
syndrome: (2, 0, 2, 0)
Syndrome found!(2, 0, 2, 0) (0, 0, 0, 0, 0, 1, 0)
------------------------------------

--------------- Student Name ---------------------
Generator matrix: 
[0 0 2 1 1 2 0]
[2 0 1 0 2 1 0]
[1 0 0 2 0 1 2]
dec radius: 3
Syndrome table:
{(0, 0, 0, 0): (0, 0, 0, 0, 0, 0, 0), (1, 0, 0, 0): (1, 0, 0, 0, 0, 0, 0), (2, 0, 0, 0): (2, 0, 0, 0, 0, 0, 0), (0, 1, 0, 0): (0, 1, 0, 0, 0, 0, 0), (0, 2, 0, 0): (0, 2, 0, 0, 0, 0, 0), (0, 0, 1, 0): (0, 0, 1, 0, 0, 0, 0), (0, 0, 2, 0): (0, 0, 2, 0, 0, 0, 0), (0, 0, 0, 1): (0, 0, 0, 0, 1, 0, 0), (0, 0, 0, 2): (0, 0, 0, 0, 2, 0, 0), (1, 0, 2, 1): (0, 0, 0, 0, 0, 1, 0), (2, 0, 1, 2): (0, 0, 0, 0, 0, 2, 0), (1, 1, 0, 0): (1, 1, 0, 0, 0, 0, 0), (1, 2, 0, 0): (1, 2, 0, 0, 0, 0, 0), (2, 1, 0, 0): (2, 1, 0, 0, 0, 0, 0), (2, 2, 0, 0): (2, 2, 0, 0, 0, 0, 0), (1, 0, 1, 0): (1, 0, 1, 0, 0, 0, 0), (1, 0, 2, 0): (1, 0, 2, 0, 0, 0, 0), (2, 0, 1, 0): (2, 0, 1, 0, 0, 0, 0), (2, 0, 2, 0): (2, 0, 2, 0, 0, 0, 0), (1, 0, 0, 1): (1, 0, 0, 0, 1, 0, 0), (1, 0, 0, 2): (1, 0, 0, 0, 2, 0, 0), (2, 0, 0, 1): (2, 0, 0, 0, 1, 0, 0), (2, 0, 0, 2): (2, 0, 0, 0, 2, 0, 0), (2, 0, 2, 1): (1, 0, 0, 0, 0, 1, 0), (0, 0, 1, 2): (1, 0, 0, 0, 0, 2, 0), (0, 0, 2, 1): (2, 0, 0, 0, 0, 1, 0), (1, 0, 1, 2): (2, 0, 0, 0, 0, 2, 0), (0, 1, 1, 0): (0, 1, 1, 0, 0, 0, 0), (0, 1, 2, 0): (0, 1, 2, 0, 0, 0, 0), (0, 2, 1, 0): (0, 2, 1, 0, 0, 0, 0), (0, 2, 2, 0): (0, 2, 2, 0, 0, 0, 0), (0, 1, 0, 1): (0, 1, 0, 0, 1, 0, 0), (0, 1, 0, 2): (0, 1, 0, 0, 2, 0, 0), (0, 2, 0, 1): (0, 2, 0, 0, 1, 0, 0), (0, 2, 0, 2): (0, 2, 0, 0, 2, 0, 0), (1, 1, 2, 1): (0, 1, 0, 0, 0, 1, 0), (2, 1, 1, 2): (0, 1, 0, 0, 0, 2, 0), (1, 2, 2, 1): (0, 2, 0, 0, 0, 1, 0), (2, 2, 1, 2): (0, 2, 0, 0, 0, 2, 0), (0, 0, 1, 1): (0, 0, 1, 0, 1, 0, 0), (0, 0, 2, 2): (0, 0, 2, 0, 2, 0, 0), (2, 0, 2, 2): (0, 0, 1, 0, 0, 2, 0), (1, 0, 1, 1): (0, 0, 2, 0, 0, 1, 0), (1, 0, 2, 2): (0, 0, 0, 0, 1, 1, 0), (2, 0, 1, 1): (0, 0, 0, 0, 2, 2, 0), (1, 1, 1, 0): (1, 1, 1, 0, 0, 0, 0), (1, 1, 2, 0): (1, 1, 2, 0, 0, 0, 0), (1, 2, 1, 0): (1, 2, 1, 0, 0, 0, 0), (1, 2, 2, 0): (1, 2, 2, 0, 0, 0, 0), (2, 1, 1, 0): (2, 1, 1, 0, 0, 0, 0), (2, 1, 2, 0): (2, 1, 2, 0, 0, 0, 0), (2, 2, 1, 0): (2, 2, 1, 0, 0, 0, 0), (2, 2, 2, 0): (2, 2, 2, 0, 0, 0, 0), (1, 1, 0, 1): (1, 1, 0, 0, 1, 0, 0), (1, 1, 0, 2): (1, 1, 0, 0, 2, 0, 0), (1, 2, 0, 1): (1, 2, 0, 0, 1, 0, 0), (1, 2, 0, 2): (1, 2, 0, 0, 2, 0, 0), (2, 1, 0, 1): (2, 1, 0, 0, 1, 0, 0), (2, 1, 0, 2): (2, 1, 0, 0, 2, 0, 0), (2, 2, 0, 1): (2, 2, 0, 0, 1, 0, 0), (2, 2, 0, 2): (2, 2, 0, 0, 2, 0, 0), (2, 1, 2, 1): (1, 1, 0, 0, 0, 1, 0), (0, 1, 1, 2): (1, 1, 0, 0, 0, 2, 0), (2, 2, 2, 1): (1, 2, 0, 0, 0, 1, 0), (0, 2, 1, 2): (1, 2, 0, 0, 0, 2, 0), (0, 1, 2, 1): (2, 1, 0, 0, 0, 1, 0), (1, 1, 1, 2): (2, 1, 0, 0, 0, 2, 0), (0, 2, 2, 1): (2, 2, 0, 0, 0, 1, 0), (1, 2, 1, 2): (2, 2, 0, 0, 0, 2, 0), (0, 1, 1, 1): (0, 1, 1, 0, 1, 0, 0), (0, 1, 2, 2): (0, 1, 2, 0, 2, 0, 0), (0, 2, 1, 1): (0, 2, 1, 0, 1, 0, 0), (0, 2, 2, 2): (0, 2, 2, 0, 2, 0, 0), (2, 1, 2, 2): (0, 1, 1, 0, 0, 2, 0), (1, 1, 1, 1): (0, 1, 2, 0, 0, 1, 0), (2, 2, 2, 2): (0, 2, 1, 0, 0, 2, 0), (1, 2, 1, 1): (0, 2, 2, 0, 0, 1, 0), (1, 1, 2, 2): (0, 1, 0, 0, 1, 1, 0), (2, 1, 1, 1): (0, 1, 0, 0, 2, 2, 0), (1, 2, 2, 2): (0, 2, 0, 0, 1, 1, 0), (2, 2, 1, 1): (0, 2, 0, 0, 2, 2, 0)}
message: [0, 2, 0]
codeword: (1, 0, 2, 0, 1, 2, 0)
error: (0, 0, 0, 1, 0, 0, 0)
received word: (1, 0, 2, 1, 1, 2, 0)
syndrome: (1, 0, 0, 0)
Syndrome found!(1, 0, 0, 0) (1, 0, 0, 0, 0, 0, 0)
------------------------------------

--------------- Student Name ---------------------
Generator matrix: 
[1 0 0 1 0 1 1]
[1 0 1 0 0 0 1]
[0 2 1 0 0 0 2]
dec radius: 3
Syndrome table:
{(0, 0, 0, 0): (0, 0, 0, 0, 0, 0, 0), (1, 0, 0, 0): (1, 0, 0, 0, 0, 0, 0), (2, 0, 0, 0): (2, 0, 0, 0, 0, 0, 0), (0, 1, 0, 0): (0, 1, 0, 0, 0, 0, 0), (0, 2, 0, 0): (0, 2, 0, 0, 0, 0, 0), (1, 2, 0, 0): (0, 0, 1, 0, 0, 0, 0), (2, 1, 0, 0): (0, 0, 2, 0, 0, 0, 0), (0, 0, 1, 0): (0, 0, 0, 1, 0, 0, 0), (0, 0, 2, 0): (0, 0, 0, 2, 0, 0, 0), (0, 0, 0, 1): (0, 0, 0, 0, 1, 0, 0), (0, 0, 0, 2): (0, 0, 0, 0, 2, 0, 0), (1, 2, 2, 0): (0, 0, 0, 0, 0, 1, 0), (2, 1, 1, 0): (0, 0, 0, 0, 0, 2, 0), (1, 1, 0, 0): (0, 0, 0, 0, 0, 0, 1), (2, 2, 0, 0): (0, 0, 0, 0, 0, 0, 2), (1, 0, 1, 0): (1, 0, 0, 1, 0, 0, 0), (1, 0, 2, 0): (1, 0, 0, 2, 0, 0, 0), (2, 0, 1, 0): (2, 0, 0, 1, 0, 0, 0), (2, 0, 2, 0): (2, 0, 0, 2, 0, 0, 0), (1, 0, 0, 1): (1, 0, 0, 0, 1, 0, 0), (1, 0, 0, 2): (1, 0, 0, 0, 2, 0, 0), (2, 0, 0, 1): (2, 0, 0, 0, 1, 0, 0), (2, 0, 0, 2): (2, 0, 0, 0, 2, 0, 0), (2, 2, 2, 0): (1, 0, 0, 0, 0, 1, 0), (0, 1, 1, 0): (1, 0, 0, 0, 0, 2, 0), (0, 2, 2, 0): (2, 0, 0, 0, 0, 1, 0), (1, 1, 1, 0): (2, 0, 0, 0, 0, 2, 0), (0, 1, 2, 0): (0, 1, 0, 2, 0, 0, 0), (0, 2, 1, 0): (0, 2, 0, 1, 0, 0, 0), (0, 1, 0, 1): (0, 1, 0, 0, 1, 0, 0), (0, 1, 0, 2): (0, 1, 0, 0, 2, 0, 0), (0, 2, 0, 1): (0, 2, 0, 0, 1, 0, 0), (0, 2, 0, 2): (0, 2, 0, 0, 2, 0, 0), (2, 2, 1, 0): (0, 1, 0, 0, 0, 2, 0), (1, 1, 2, 0): (0, 2, 0, 0, 0, 1, 0), (1, 2, 1, 0): (0, 0, 1, 1, 0, 0, 0), (2, 1, 2, 0): (0, 0, 2, 2, 0, 0, 0), (1, 2, 0, 1): (0, 0, 1, 0, 1, 0, 0), (1, 2, 0, 2): (0, 0, 1, 0, 2, 0, 0), (2, 1, 0, 1): (0, 0, 2, 0, 1, 0, 0), (2, 1, 0, 2): (0, 0, 2, 0, 2, 0, 0), (0, 0, 1, 1): (0, 0, 0, 1, 1, 0, 0), (0, 0, 1, 2): (0, 0, 0, 1, 2, 0, 0), (0, 0, 2, 1): (0, 0, 0, 2, 1, 0, 0), (0, 0, 2, 2): (0, 0, 0, 2, 2, 0, 0), (1, 2, 2, 1): (0, 0, 0, 0, 1, 1, 0), (2, 1, 1, 1): (0, 0, 0, 0, 1, 2, 0), (1, 2, 2, 2): (0, 0, 0, 0, 2, 1, 0), (2, 1, 1, 2): (0, 0, 0, 0, 2, 2, 0), (1, 1, 0, 1): (0, 0, 0, 0, 1, 0, 1), (2, 2, 0, 1): (0, 0, 0, 0, 1, 0, 2), (1, 1, 0, 2): (0, 0, 0, 0, 2, 0, 1), (2, 2, 0, 2): (0, 0, 0, 0, 2, 0, 2), (1, 0, 1, 1): (1, 0, 0, 1, 1, 0, 0), (1, 0, 1, 2): (1, 0, 0, 1, 2, 0, 0), (1, 0, 2, 1): (1, 0, 0, 2, 1, 0, 0), (1, 0, 2, 2): (1, 0, 0, 2, 2, 0, 0), (2, 0, 1, 1): (2, 0, 0, 1, 1, 0, 0), (2, 0, 1, 2): (2, 0, 0, 1, 2, 0, 0), (2, 0, 2, 1): (2, 0, 0, 2, 1, 0, 0), (2, 0, 2, 2): (2, 0, 0, 2, 2, 0, 0), (2, 2, 2, 1): (1, 0, 0, 0, 1, 1, 0), (0, 1, 1, 1): (1, 0, 0, 0, 1, 2, 0), (2, 2, 2, 2): (1, 0, 0, 0, 2, 1, 0), (0, 1, 1, 2): (1, 0, 0, 0, 2, 2, 0), (0, 2, 2, 1): (2, 0, 0, 0, 1, 1, 0), (1, 1, 1, 1): (2, 0, 0, 0, 1, 2, 0), (0, 2, 2, 2): (2, 0, 0, 0, 2, 1, 0), (1, 1, 1, 2): (2, 0, 0, 0, 2, 2, 0), (0, 1, 2, 1): (0, 1, 0, 2, 1, 0, 0), (0, 1, 2, 2): (0, 1, 0, 2, 2, 0, 0), (0, 2, 1, 1): (0, 2, 0, 1, 1, 0, 0), (0, 2, 1, 2): (0, 2, 0, 1, 2, 0, 0), (2, 2, 1, 1): (0, 1, 0, 0, 1, 2, 0), (2, 2, 1, 2): (0, 1, 0, 0, 2, 2, 0), (1, 1, 2, 1): (0, 2, 0, 0, 1, 1, 0), (1, 1, 2, 2): (0, 2, 0, 0, 2, 1, 0), (1, 2, 1, 1): (0, 0, 1, 1, 1, 0, 0), (1, 2, 1, 2): (0, 0, 1, 1, 2, 0, 0), (2, 1, 2, 1): (0, 0, 2, 2, 1, 0, 0), (2, 1, 2, 2): (0, 0, 2, 2, 2, 0, 0)}
message: [0, 2, 1]
codeword: (2, 2, 0, 0, 0, 0, 1)
error: (0, 0, 0, 2, 0, 0, 0)
received word: (2, 2, 0, 2, 0, 0, 1)
syndrome: (0, 0, 2, 0)
Syndrome found!(0, 0, 2, 0) (0, 0, 0, 2, 0, 0, 0)
------------------------------------

--------------- Student Name ---------------------
Generator matrix: 
[2 1 1 0 2 2 2]
[0 0 1 0 1 1 1]
[0 1 0 2 2 0 1]
dec radius: 3
Syndrome table:
{(0, 0, 0, 0): (0, 0, 0, 0, 0, 0, 0), (1, 0, 0, 0): (1, 0, 0, 0, 0, 0, 0), (2, 0, 0, 0): (2, 0, 0, 0, 0, 0, 0), (0, 1, 0, 0): (0, 1, 0, 0, 0, 0, 0), (0, 2, 0, 0): (0, 2, 0, 0, 0, 0, 0), (2, 1, 0, 0): (0, 0, 1, 0, 0, 0, 0), (1, 2, 0, 0): (0, 0, 2, 0, 0, 0, 0), (0, 0, 1, 0): (0, 0, 0, 1, 0, 0, 0), (0, 0, 2, 0): (0, 0, 0, 2, 0, 0, 0), (0, 0, 0, 1): (0, 0, 0, 0, 1, 0, 0), (0, 0, 0, 2): (0, 0, 0, 0, 2, 0, 0), (1, 0, 2, 1): (0, 0, 0, 0, 0, 1, 0), (2, 0, 1, 2): (0, 0, 0, 0, 0, 2, 0), (0, 2, 1, 1): (0, 0, 0, 0, 0, 0, 1), (0, 1, 2, 2): (0, 0, 0, 0, 0, 0, 2), (1, 1, 0, 0): (1, 1, 0, 0, 0, 0, 0), (2, 2, 0, 0): (2, 2, 0, 0, 0, 0, 0), (1, 0, 1, 0): (1, 0, 0, 1, 0, 0, 0), (1, 0, 2, 0): (1, 0, 0, 2, 0, 0, 0), (2, 0, 1, 0): (2, 0, 0, 1, 0, 0, 0), (2, 0, 2, 0): (2, 0, 0, 2, 0, 0, 0), (1, 0, 0, 1): (1, 0, 0, 0, 1, 0, 0), (1, 0, 0, 2): (1, 0, 0, 0, 2, 0, 0), (2, 0, 0, 1): (2, 0, 0, 0, 1, 0, 0), (2, 0, 0, 2): (2, 0, 0, 0, 2, 0, 0), (2, 0, 2, 1): (1, 0, 0, 0, 0, 1, 0), (0, 0, 1, 2): (1, 0, 0, 0, 0, 2, 0), (0, 0, 2, 1): (2, 0, 0, 0, 0, 1, 0), (1, 0, 1, 2): (2, 0, 0, 0, 0, 2, 0), (1, 2, 1, 1): (1, 0, 0, 0, 0, 0, 1), (1, 1, 2, 2): (1, 0, 0, 0, 0, 0, 2), (2, 2, 1, 1): (2, 0, 0, 0, 0, 0, 1), (2, 1, 2, 2): (2, 0, 0, 0, 0, 0, 2), (0, 1, 1, 0): (0, 1, 0, 1, 0, 0, 0), (0, 1, 2, 0): (0, 1, 0, 2, 0, 0, 0), (0, 2, 1, 0): (0, 2, 0, 1, 0, 0, 0), (0, 2, 2, 0): (0, 2, 0, 2, 0, 0, 0), (0, 1, 0, 1): (0, 1, 0, 0, 1, 0, 0), (0, 1, 0, 2): (0, 1, 0, 0, 2, 0, 0), (0, 2, 0, 1): (0, 2, 0, 0, 1, 0, 0), (0, 2, 0, 2): (0, 2, 0, 0, 2, 0, 0), (1, 1, 2, 1): (0, 1, 0, 0, 0, 1, 0), (2, 1, 1, 2): (0, 1, 0, 0, 0, 2, 0), (1, 2, 2, 1): (0, 2, 0, 0, 0, 1, 0), (2, 2, 1, 2): (0, 2, 0, 0, 0, 2, 0), (0, 0, 1, 1): (0, 1, 0, 0, 0, 0, 1), (0, 2, 2, 2): (0, 1, 0, 0, 0, 0, 2), (0, 1, 1, 1): (0, 2, 0, 0, 0, 0, 1), (0, 0, 2, 2): (0, 2, 0, 0, 0, 0, 2), (2, 1, 1, 0): (0, 0, 1, 1, 0, 0, 0), (2, 1, 2, 0): (0, 0, 1, 2, 0, 0, 0), (1, 2, 1, 0): (0, 0, 2, 1, 0, 0, 0), (1, 2, 2, 0): (0, 0, 2, 2, 0, 0, 0), (2, 1, 0, 1): (0, 0, 1, 0, 1, 0, 0), (2, 1, 0, 2): (0, 0, 1, 0, 2, 0, 0), (1, 2, 0, 1): (0, 0, 2, 0, 1, 0, 0), (1, 2, 0, 2): (0, 0, 2, 0, 2, 0, 0), (0, 1, 2, 1): (0, 0, 1, 0, 0, 1, 0), (1, 1, 1, 2): (0, 0, 1, 0, 0, 2, 0), (2, 2, 2, 1): (0, 0, 2, 0, 0, 1, 0), (0, 2, 1, 2): (0, 0, 2, 0, 0, 2, 0), (2, 0, 1, 1): (0, 0, 1, 0, 0, 0, 1), (2, 2, 2, 2): (0, 0, 1, 0, 0, 0, 2), (1, 1, 1, 1): (0, 0, 2, 0, 0, 0, 1), (1, 0, 2, 2): (0, 0, 2, 0, 0, 0, 2), (2, 0, 2, 2): (0, 0, 0, 1, 0, 2, 0), (1, 0, 1, 1): (0, 0, 0, 2, 0, 1, 0), (0, 2, 2, 1): (0, 0, 0, 1, 0, 0, 1), (0, 1, 1, 2): (0, 0, 0, 2, 0, 0, 2), (1, 1, 1, 0): (0, 0, 0, 0, 0, 1, 2), (2, 2, 2, 0): (0, 0, 0, 0, 0, 2, 1), (1, 1, 2, 0): (1, 1, 0, 2, 0, 0, 0), (2, 2, 1, 0): (2, 2, 0, 1, 0, 0, 0), (1, 1, 0, 1): (1, 1, 0, 0, 1, 0, 0), (1, 1, 0, 2): (1, 1, 0, 0, 2, 0, 0), (2, 2, 0, 1): (2, 2, 0, 0, 1, 0, 0), (2, 2, 0, 2): (2, 2, 0, 0, 2, 0, 0), (2, 1, 2, 1): (1, 1, 0, 0, 0, 1, 0), (1, 2, 1, 2): (2, 2, 0, 0, 0, 2, 0), (1, 2, 2, 2): (1, 1, 0, 0, 0, 0, 2), (2, 1, 1, 1): (2, 2, 0, 0, 0, 0, 1)}
message: [0, 2, 0]
codeword: (0, 0, 2, 0, 2, 2, 2)
error: (0, 0, 1, 0, 0, 0, 0)
received word: (0, 0, 0, 0, 2, 2, 2)
syndrome: (2, 1, 0, 0)
Syndrome found!(2, 1, 0, 0) (0, 0, 1, 0, 0, 0, 0)
------------------------------------

--------------- Student Name ---------------------
Generator matrix: 
[0 0 2 1 2 0 0]
[1 1 1 2 2 0 2]
[2 1 0 2 1 1 1]
dec radius: 3
Syndrome table:
{(0, 0, 0, 0): (0, 0, 0, 0, 0, 0, 0), (1, 0, 0, 0): (1, 0, 0, 0, 0, 0, 0), (2, 0, 0, 0): (2, 0, 0, 0, 0, 0, 0), (0, 1, 0, 0): (0, 1, 0, 0, 0, 0, 0), (0, 2, 0, 0): (0, 2, 0, 0, 0, 0, 0), (0, 0, 1, 0): (0, 0, 1, 0, 0, 0, 0), (0, 0, 2, 0): (0, 0, 2, 0, 0, 0, 0), (0, 0, 0, 1): (0, 0, 0, 1, 0, 0, 0), (0, 0, 0, 2): (0, 0, 0, 2, 0, 0, 0), (0, 0, 2, 1): (0, 0, 0, 0, 1, 0, 0), (0, 0, 1, 2): (0, 0, 0, 0, 2, 0, 0), (0, 1, 2, 2): (0, 0, 0, 0, 0, 1, 0), (0, 2, 1, 1): (0, 0, 0, 0, 0, 2, 0), (1, 1, 2, 1): (0, 0, 0, 0, 0, 0, 1), (2, 2, 1, 2): (0, 0, 0, 0, 0, 0, 2), (1, 1, 0, 0): (1, 1, 0, 0, 0, 0, 0), (1, 2, 0, 0): (1, 2, 0, 0, 0, 0, 0), (2, 1, 0, 0): (2, 1, 0, 0, 0, 0, 0), (2, 2, 0, 0): (2, 2, 0, 0, 0, 0, 0), (1, 0, 1, 0): (1, 0, 1, 0, 0, 0, 0), (1, 0, 2, 0): (1, 0, 2, 0, 0, 0, 0), (2, 0, 1, 0): (2, 0, 1, 0, 0, 0, 0), (2, 0, 2, 0): (2, 0, 2, 0, 0, 0, 0), (1, 0, 0, 1): (1, 0, 0, 1, 0, 0, 0), (1, 0, 0, 2): (1, 0, 0, 2, 0, 0, 0), (2, 0, 0, 1): (2, 0, 0, 1, 0, 0, 0), (2, 0, 0, 2): (2, 0, 0, 2, 0, 0, 0), (1, 0, 2, 1): (1, 0, 0, 0, 1, 0, 0), (1, 0, 1, 2): (1, 0, 0, 0, 2, 0, 0), (2, 0, 2, 1): (2, 0, 0, 0, 1, 0, 0), (2, 0, 1, 2): (2, 0, 0, 0, 2, 0, 0), (1, 1, 2, 2): (1, 0, 0, 0, 0, 1, 0), (1, 2, 1, 1): (1, 0, 0, 0, 0, 2, 0), (2, 1, 2, 2): (2, 0, 0, 0, 0, 1, 0), (2, 2, 1, 1): (2, 0, 0, 0, 0, 2, 0), (2, 1, 2, 1): (1, 0, 0, 0, 0, 0, 1), (0, 2, 1, 2): (1, 0, 0, 0, 0, 0, 2), (0, 1, 2, 1): (2, 0, 0, 0, 0, 0, 1), (1, 2, 1, 2): (2, 0, 0, 0, 0, 0, 2), (0, 1, 1, 0): (0, 1, 1, 0, 0, 0, 0), (0, 1, 2, 0): (0, 1, 2, 0, 0, 0, 0), (0, 2, 1, 0): (0, 2, 1, 0, 0, 0, 0), (0, 2, 2, 0): (0, 2, 2, 0, 0, 0, 0), (0, 1, 0, 1): (0, 1, 0, 1, 0, 0, 0), (0, 1, 0, 2): (0, 1, 0, 2, 0, 0, 0), (0, 2, 0, 1): (0, 2, 0, 1, 0, 0, 0), (0, 2, 0, 2): (0, 2, 0, 2, 0, 0, 0), (0, 1, 1, 2): (0, 1, 0, 0, 2, 0, 0), (0, 2, 2, 1): (0, 2, 0, 0, 1, 0, 0), (0, 2, 2, 2): (0, 1, 0, 0, 0, 1, 0), (0, 0, 1, 1): (0, 1, 0, 0, 0, 2, 0), (0, 0, 2, 2): (0, 2, 0, 0, 0, 1, 0), (0, 1, 1, 1): (0, 2, 0, 0, 0, 2, 0), (1, 2, 2, 1): (0, 1, 0, 0, 0, 0, 1), (2, 1, 1, 2): (0, 2, 0, 0, 0, 0, 2), (1, 1, 0, 1): (0, 0, 1, 0, 0, 0, 1), (2, 2, 2, 2): (0, 0, 1, 0, 0, 0, 2), (1, 1, 1, 1): (0, 0, 2, 0, 0, 0, 1), (2, 2, 0, 2): (0, 0, 2, 0, 0, 0, 2), (2, 2, 1, 0): (0, 0, 0, 1, 0, 0, 2), (1, 1, 2, 0): (0, 0, 0, 2, 0, 0, 1), (1, 1, 1, 2): (0, 0, 0, 0, 1, 0, 1), (2, 2, 2, 1): (0, 0, 0, 0, 2, 0, 2), (1, 2, 1, 0): (0, 0, 0, 0, 0, 1, 1), (2, 1, 2, 0): (0, 0, 0, 0, 0, 2, 2), (1, 1, 1, 0): (1, 1, 1, 0, 0, 0, 0), (1, 2, 2, 0): (1, 2, 2, 0, 0, 0, 0), (2, 1, 1, 0): (2, 1, 1, 0, 0, 0, 0), (2, 2, 2, 0): (2, 2, 2, 0, 0, 0, 0), (1, 1, 0, 2): (1, 1, 0, 2, 0, 0, 0), (1, 2, 0, 1): (1, 2, 0, 1, 0, 0, 0), (1, 2, 0, 2): (1, 2, 0, 2, 0, 0, 0), (2, 1, 0, 1): (2, 1, 0, 1, 0, 0, 0), (2, 1, 0, 2): (2, 1, 0, 2, 0, 0, 0), (2, 2, 0, 1): (2, 2, 0, 1, 0, 0, 0), (1, 2, 2, 2): (1, 1, 0, 0, 0, 1, 0), (1, 0, 1, 1): (1, 1, 0, 0, 0, 2, 0), (1, 0, 2, 2): (1, 2, 0, 0, 0, 1, 0), (2, 0, 1, 1): (2, 1, 0, 0, 0, 2, 0), (2, 0, 2, 2): (2, 2, 0, 0, 0, 1, 0), (2, 1, 1, 1): (2, 2, 0, 0, 0, 2, 0)}
message: [0, 1, 1]
codeword: (0, 2, 1, 1, 0, 1, 0)
error: (0, 0, 0, 1, 0, 0, 0)
received word: (0, 2, 1, 2, 0, 1, 0)
syndrome: (0, 0, 0, 1)
Syndrome found!(0, 0, 0, 1) (0, 0, 0, 1, 0, 0, 0)
------------------------------------

--------------- Student Name ---------------------
Generator matrix: 
[0 2 0 0 2 1 0]
[1 1 0 2 2 2 1]
[2 0 2 2 0 2 0]
dec radius: 3
Syndrome table:
{(0, 0, 0, 0): (0, 0, 0, 0, 0, 0, 0), (1, 0, 0, 0): (1, 0, 0, 0, 0, 0, 0), (2, 0, 0, 0): (2, 0, 0, 0, 0, 0, 0), (0, 1, 0, 0): (0, 1, 0, 0, 0, 0, 0), (0, 2, 0, 0): (0, 2, 0, 0, 0, 0, 0), (0, 0, 1, 0): (0, 0, 1, 0, 0, 0, 0), (0, 0, 2, 0): (0, 0, 2, 0, 0, 0, 0), (0, 0, 0, 1): (0, 0, 0, 1, 0, 0, 0), (0, 0, 0, 2): (0, 0, 0, 2, 0, 0, 0), (2, 2, 2, 2): (0, 0, 0, 0, 1, 0, 0), (1, 1, 1, 1): (0, 0, 0, 0, 2, 0, 0), (2, 0, 2, 2): (0, 0, 0, 0, 0, 1, 0), (1, 0, 1, 1): (0, 0, 0, 0, 0, 2, 0), (0, 1, 1, 2): (0, 0, 0, 0, 0, 0, 1), (0, 2, 2, 1): (0, 0, 0, 0, 0, 0, 2), (1, 1, 0, 0): (1, 1, 0, 0, 0, 0, 0), (1, 2, 0, 0): (1, 2, 0, 0, 0, 0, 0), (2, 1, 0, 0): (2, 1, 0, 0, 0, 0, 0), (2, 2, 0, 0): (2, 2, 0, 0, 0, 0, 0), (1, 0, 1, 0): (1, 0, 1, 0, 0, 0, 0), (1, 0, 2, 0): (1, 0, 2, 0, 0, 0, 0), (2, 0, 1, 0): (2, 0, 1, 0, 0, 0, 0), (2, 0, 2, 0): (2, 0, 2, 0, 0, 0, 0), (1, 0, 0, 1): (1, 0, 0, 1, 0, 0, 0), (1, 0, 0, 2): (1, 0, 0, 2, 0, 0, 0), (2, 0, 0, 1): (2, 0, 0, 1, 0, 0, 0), (2, 0, 0, 2): (2, 0, 0, 2, 0, 0, 0), (0, 2, 2, 2): (1, 0, 0, 0, 1, 0, 0), (2, 1, 1, 1): (1, 0, 0, 0, 2, 0, 0), (1, 2, 2, 2): (2, 0, 0, 0, 1, 0, 0), (0, 1, 1, 1): (2, 0, 0, 0, 2, 0, 0), (0, 0, 2, 2): (1, 0, 0, 0, 0, 1, 0), (2, 0, 1, 1): (1, 0, 0, 0, 0, 2, 0), (1, 0, 2, 2): (2, 0, 0, 0, 0, 1, 0), (0, 0, 1, 1): (2, 0, 0, 0, 0, 2, 0), (1, 1, 1, 2): (1, 0, 0, 0, 0, 0, 1), (1, 2, 2, 1): (1, 0, 0, 0, 0, 0, 2), (2, 1, 1, 2): (2, 0, 0, 0, 0, 0, 1), (2, 2, 2, 1): (2, 0, 0, 0, 0, 0, 2), (0, 1, 1, 0): (0, 1, 1, 0, 0, 0, 0), (0, 1, 2, 0): (0, 1, 2, 0, 0, 0, 0), (0, 2, 1, 0): (0, 2, 1, 0, 0, 0, 0), (0, 2, 2, 0): (0, 2, 2, 0, 0, 0, 0), (0, 1, 0, 1): (0, 1, 0, 1, 0, 0, 0), (0, 1, 0, 2): (0, 1, 0, 2, 0, 0, 0), (0, 2, 0, 1): (0, 2, 0, 1, 0, 0, 0), (0, 2, 0, 2): (0, 2, 0, 2, 0, 0, 0), (1, 2, 1, 1): (0, 1, 0, 0, 2, 0, 0), (2, 1, 2, 2): (0, 2, 0, 0, 1, 0, 0), (0, 2, 1, 2): (0, 1, 0, 0, 0, 0, 1), (0, 0, 2, 1): (0, 1, 0, 0, 0, 0, 2), (0, 0, 1, 2): (0, 2, 0, 0, 0, 0, 1), (0, 1, 2, 1): (0, 2, 0, 0, 0, 0, 2), (2, 2, 0, 2): (0, 0, 1, 0, 1, 0, 0), (1, 1, 2, 1): (0, 0, 1, 0, 2, 0, 0), (2, 2, 1, 2): (0, 0, 2, 0, 1, 0, 0), (1, 1, 0, 1): (0, 0, 2, 0, 2, 0, 0), (1, 0, 2, 1): (0, 0, 1, 0, 0, 2, 0), (2, 0, 1, 2): (0, 0, 2, 0, 0, 1, 0), (0, 1, 2, 2): (0, 0, 1, 0, 0, 0, 1), (0, 2, 1, 1): (0, 0, 2, 0, 0, 0, 2), (2, 2, 2, 0): (0, 0, 0, 1, 1, 0, 0), (1, 1, 1, 0): (0, 0, 0, 2, 2, 0, 0), (1, 0, 1, 2): (0, 0, 0, 1, 0, 2, 0), (2, 0, 2, 1): (0, 0, 0, 2, 0, 1, 0), (2, 1, 1, 0): (0, 0, 0, 0, 1, 0, 2), (1, 2, 2, 0): (0, 0, 0, 0, 2, 0, 1), (2, 1, 0, 1): (0, 0, 0, 0, 0, 1, 1), (2, 2, 1, 0): (0, 0, 0, 0, 0, 1, 2), (1, 1, 2, 0): (0, 0, 0, 0, 0, 2, 1), (1, 2, 0, 2): (0, 0, 0, 0, 0, 2, 2), (1, 2, 1, 0): (1, 2, 1, 0, 0, 0, 0), (2, 1, 2, 0): (2, 1, 2, 0, 0, 0, 0), (1, 1, 0, 2): (1, 1, 0, 2, 0, 0, 0), (1, 2, 0, 1): (1, 2, 0, 1, 0, 0, 0), (2, 1, 0, 2): (2, 1, 0, 2, 0, 0, 0), (2, 2, 0, 1): (2, 2, 0, 1, 0, 0, 0), (2, 2, 1, 1): (1, 1, 0, 0, 2, 0, 0), (1, 1, 2, 2): (2, 2, 0, 0, 1, 0, 0), (1, 2, 1, 2): (1, 1, 0, 0, 0, 0, 1), (2, 1, 2, 1): (2, 2, 0, 0, 0, 0, 2)}
message: [1, 2, 2]
codeword: (0, 1, 1, 2, 0, 0, 2)
error: (0, 0, 2, 0, 0, 0, 0)
received word: (0, 1, 0, 2, 0, 0, 2)
syndrome: (0, 0, 2, 0)
Syndrome found!(0, 0, 2, 0) (0, 0, 2, 0, 0, 0, 0)
------------------------------------

--------------- Student Name ---------------------
Generator matrix: 
[2 0 2 1 1 1 1]
[0 1 0 2 2 2 0]
[2 2 2 2 1 0 2]
dec radius: 3
Syndrome table:
{(0, 0, 0, 0): (0, 0, 0, 0, 0, 0, 0), (1, 0, 0, 0): (1, 0, 0, 0, 0, 0, 0), (2, 0, 0, 0): (2, 0, 0, 0, 0, 0, 0), (0, 1, 0, 0): (0, 1, 0, 0, 0, 0, 0), (0, 2, 0, 0): (0, 2, 0, 0, 0, 0, 0), (0, 0, 1, 0): (0, 0, 1, 0, 0, 0, 0), (0, 0, 2, 0): (0, 0, 2, 0, 0, 0, 0), (0, 0, 0, 1): (0, 0, 0, 1, 0, 0, 0), (0, 0, 0, 2): (0, 0, 0, 2, 0, 0, 0), (2, 0, 2, 1): (0, 0, 0, 0, 1, 0, 0), (1, 0, 1, 2): (0, 0, 0, 0, 2, 0, 0), (1, 1, 1, 1): (0, 0, 0, 0, 0, 1, 0), (2, 2, 2, 2): (0, 0, 0, 0, 0, 2, 0), (1, 2, 1, 0): (0, 0, 0, 0, 0, 0, 1), (2, 1, 2, 0): (0, 0, 0, 0, 0, 0, 2), (1, 1, 0, 0): (1, 1, 0, 0, 0, 0, 0), (1, 2, 0, 0): (1, 2, 0, 0, 0, 0, 0), (2, 1, 0, 0): (2, 1, 0, 0, 0, 0, 0), (2, 2, 0, 0): (2, 2, 0, 0, 0, 0, 0), (1, 0, 1, 0): (1, 0, 1, 0, 0, 0, 0), (1, 0, 2, 0): (1, 0, 2, 0, 0, 0, 0), (2, 0, 1, 0): (2, 0, 1, 0, 0, 0, 0), (2, 0, 2, 0): (2, 0, 2, 0, 0, 0, 0), (1, 0, 0, 1): (1, 0, 0, 1, 0, 0, 0), (1, 0, 0, 2): (1, 0, 0, 2, 0, 0, 0), (2, 0, 0, 1): (2, 0, 0, 1, 0, 0, 0), (2, 0, 0, 2): (2, 0, 0, 2, 0, 0, 0), (0, 0, 2, 1): (1, 0, 0, 0, 1, 0, 0), (2, 0, 1, 2): (1, 0, 0, 0, 2, 0, 0), (1, 0, 2, 1): (2, 0, 0, 0, 1, 0, 0), (0, 0, 1, 2): (2, 0, 0, 0, 2, 0, 0), (2, 1, 1, 1): (1, 0, 0, 0, 0, 1, 0), (0, 2, 2, 2): (1, 0, 0, 0, 0, 2, 0), (0, 1, 1, 1): (2, 0, 0, 0, 0, 1, 0), (1, 2, 2, 2): (2, 0, 0, 0, 0, 2, 0), (2, 2, 1, 0): (1, 0, 0, 0, 0, 0, 1), (0, 1, 2, 0): (1, 0, 0, 0, 0, 0, 2), (0, 2, 1, 0): (2, 0, 0, 0, 0, 0, 1), (1, 1, 2, 0): (2, 0, 0, 0, 0, 0, 2), (0, 1, 1, 0): (0, 1, 1, 0, 0, 0, 0), (0, 2, 2, 0): (0, 2, 2, 0, 0, 0, 0), (0, 1, 0, 1): (0, 1, 0, 1, 0, 0, 0), (0, 1, 0, 2): (0, 1, 0, 2, 0, 0, 0), (0, 2, 0, 1): (0, 2, 0, 1, 0, 0, 0), (0, 2, 0, 2): (0, 2, 0, 2, 0, 0, 0), (2, 1, 2, 1): (0, 1, 0, 0, 1, 0, 0), (1, 1, 1, 2): (0, 1, 0, 0, 2, 0, 0), (2, 2, 2, 1): (0, 2, 0, 0, 1, 0, 0), (1, 2, 1, 2): (0, 2, 0, 0, 2, 0, 0), (1, 2, 1, 1): (0, 1, 0, 0, 0, 1, 0), (2, 0, 2, 2): (0, 1, 0, 0, 0, 2, 0), (1, 0, 1, 1): (0, 2, 0, 0, 0, 1, 0), (2, 1, 2, 2): (0, 2, 0, 0, 0, 2, 0), (2, 2, 2, 0): (0, 1, 0, 0, 0, 0, 2), (1, 1, 1, 0): (0, 2, 0, 0, 0, 0, 1), (0, 0, 1, 1): (0, 0, 1, 1, 0, 0, 0), (0, 0, 2, 2): (0, 0, 2, 2, 0, 0, 0), (1, 0, 2, 2): (0, 0, 1, 0, 2, 0, 0), (2, 0, 1, 1): (0, 0, 2, 0, 1, 0, 0), (1, 1, 2, 1): (0, 0, 1, 0, 0, 1, 0), (2, 2, 0, 2): (0, 0, 1, 0, 0, 2, 0), (1, 1, 0, 1): (0, 0, 2, 0, 0, 1, 0), (2, 2, 1, 2): (0, 0, 2, 0, 0, 2, 0), (1, 2, 2, 0): (0, 0, 1, 0, 0, 0, 1), (2, 1, 1, 0): (0, 0, 2, 0, 0, 0, 2), (1, 1, 0, 2): (1, 1, 0, 2, 0, 0, 0), (1, 2, 0, 1): (1, 2, 0, 1, 0, 0, 0), (1, 2, 0, 2): (1, 2, 0, 2, 0, 0, 0), (2, 1, 0, 1): (2, 1, 0, 1, 0, 0, 0), (2, 1, 0, 2): (2, 1, 0, 2, 0, 0, 0), (2, 2, 0, 1): (2, 2, 0, 1, 0, 0, 0), (0, 1, 2, 1): (1, 1, 0, 0, 1, 0, 0), (2, 1, 1, 2): (1, 1, 0, 0, 2, 0, 0), (0, 2, 2, 1): (1, 2, 0, 0, 1, 0, 0), (0, 1, 1, 2): (2, 1, 0, 0, 2, 0, 0), (1, 2, 2, 1): (2, 2, 0, 0, 1, 0, 0), (0, 2, 1, 2): (2, 2, 0, 0, 2, 0, 0), (2, 2, 1, 1): (1, 1, 0, 0, 0, 1, 0), (0, 1, 2, 2): (1, 2, 0, 0, 0, 2, 0), (0, 2, 1, 1): (2, 1, 0, 0, 0, 1, 0), (1, 1, 2, 2): (2, 2, 0, 0, 0, 2, 0)}
message: [2, 1, 0]
codeword: (1, 1, 1, 1, 1, 1, 2)
error: (0, 0, 1, 0, 0, 0, 0)
received word: (1, 1, 2, 1, 1, 1, 2)
syndrome: (0, 0, 1, 0)
Syndrome found!(0, 0, 1, 0) (0, 0, 1, 0, 0, 0, 0)
------------------------------------

